# Column 1-3: misorientation axis in TSL Euler coordinates
# Column 4: alpha (in plane angle)
# Column 5: beta (out of plane angle)
# Column 6: misorientation angle
-0.27	0.79	0.54	108.85	32.93	38.94
0.99	0.01	0.17	0.67	9.74	44.51
0.22	0.82	0.53	75.18	32.06	76.93
-0.55	-0.38	0.74	214.25	47.89	27.93
-0.36	0.89	0.27	111.66	15.72	34.21
-0.92	0.34	0.17	159.61	9.56	62.36
-0.94	0.10	0.32	173.81	18.73	75.63
0.09	-0.40	0.91	282.81	66.02	38.95
0.12	-0.28	0.95	292.40	72.22	36.84
0.88	-0.44	0.17	333.17	9.96	62.70
0.47	0.54	0.69	48.90	43.97	46.87
-0.59	0.77	0.24	127.15	13.69	68.29
-0.98	0.04	0.20	177.67	11.60	65.95
0.76	0.42	0.50	29.13	30.16	74.35
0.93	0.15	0.35	9.16	20.28	56.77
0.50	-0.38	0.78	322.71	51.30	33.26
-0.68	-0.31	0.66	204.80	41.36	48.15
-0.31	0.93	0.19	108.44	10.68	57.36
-0.92	0.27	0.28	163.82	16.00	19.52
0.75	0.63	0.21	40.07	12.02	103.49
-0.92	-0.28	0.28	197.18	16.44	80.88
0.21	-0.40	0.89	298.05	62.84	50.83
0.19	0.95	0.25	78.93	14.44	20.33
0.83	0.48	0.26	30.16	15.29	29.30
0.79	0.55	0.28	34.75	16.18	26.20
0.66	-0.64	0.39	315.87	22.72	60.10
0.35	-0.75	0.56	294.85	34.12	95.10
0.29	0.11	0.95	21.58	71.91	50.48
0.70	0.30	0.65	23.02	40.17	80.18
0.87	0.16	0.46	10.51	27.18	36.61
-0.28	0.72	0.64	111.05	39.94	62.75
0.15	0.86	0.48	80.25	28.80	58.24
-0.92	0.33	0.21	160.10	12.24	73.60
-0.91	-0.11	0.39	186.82	22.99	55.40
0.97	-0.09	0.22	354.71	12.94	63.37
0.02	0.04	1.00	70.49	87.27	28.03
-0.87	-0.13	0.47	188.22	27.96	45.41
0.98	-0.20	0.04	348.53	2.08	34.06
0.93	-0.33	0.13	340.43	7.49	35.10
-0.95	0.33	0.01	161.01	0.69	63.53
-0.36	-0.58	0.73	238.52	46.73	76.54
-0.72	-0.40	0.57	208.93	34.95	46.51
-0.72	-0.45	0.53	211.70	31.85	50.42
0.22	-0.95	0.22	283.00	12.60	63.75
0.59	0.27	0.77	24.56	49.92	55.25
0.83	-0.46	0.31	331.06	17.77	17.22
0.98	-0.19	0.03	348.81	1.46	83.71
-0.16	0.97	0.17	99.57	9.86	52.55
0.79	0.52	0.33	33.75	19.15	72.11
-0.36	0.10	0.93	165.07	68.34	14.22
0.96	0.24	0.11	14.11	6.37	58.30
-0.83	-0.26	0.49	197.17	29.40	50.91
-0.11	0.50	0.86	102.48	59.29	73.77
-0.05	-0.21	0.98	255.59	77.46	68.85
0.48	-0.72	0.51	303.73	30.69	12.98
-0.86	-0.21	0.47	193.94	27.95	46.70
0.46	0.88	0.15	62.43	8.71	66.78
0.52	0.39	0.76	36.79	49.51	74.18
0.69	0.44	0.57	32.37	34.70	79.45
-0.68	-0.53	0.51	217.84	30.48	107.87
-0.48	0.64	0.59	126.79	36.42	67.37
-0.18	-0.20	0.96	228.51	74.46	43.49
0.99	-0.11	0.11	353.57	6.53	64.24
-1.00	0.01	0.02	179.42	1.10	62.33
-0.52	0.77	0.36	124.04	21.18	58.52
-0.55	0.13	0.82	166.72	55.38	71.94
-0.18	-0.94	0.30	259.00	17.42	70.71
0.56	0.76	0.33	54.00	19.18	64.95
-0.08	-0.12	0.99	236.47	81.87	50.35
-0.31	-0.43	0.85	233.96	58.20	51.73
-0.92	0.33	0.18	160.09	10.55	41.49
-0.40	0.65	0.64	121.65	39.87	34.52
-0.71	0.46	0.54	147.15	32.82	53.05
-0.28	0.53	0.80	117.82	52.89	54.93
-0.21	-0.57	0.79	249.70	52.30	52.29
0.07	0.85	0.52	85.27	31.39	60.82
0.80	-0.19	0.57	346.72	34.65	90.74
-0.59	0.79	0.20	126.66	11.43	83.40
-0.83	0.55	0.10	146.62	5.94	51.29
0.88	0.37	0.31	22.80	18.35	22.64
-0.76	0.59	0.29	142.26	16.62	89.34
-0.02	-0.23	0.97	264.01	76.80	41.01
0.55	0.24	0.80	23.89	53.41	46.11
-0.64	0.71	0.31	131.92	17.91	76.93
0.53	-0.70	0.48	306.77	28.68	42.46
-0.62	0.21	0.76	160.90	49.15	56.78
0.50	-0.38	0.78	322.72	51.05	60.37
0.89	-0.09	0.45	354.24	26.65	30.90
-0.96	0.23	0.14	166.46	7.78	28.85
0.40	-0.91	0.14	293.78	7.80	52.53
0.71	0.30	0.64	22.92	39.49	61.66
-0.57	-0.82	0.03	234.96	1.93	85.95
0.73	0.11	0.68	8.96	42.48	73.87
-0.98	-0.09	0.20	185.06	11.37	61.84
-0.62	0.78	0.01	128.66	0.81	32.57
0.72	0.62	0.32	41.01	18.54	74.84
-0.66	-0.67	0.33	225.39	19.07	82.61
0.53	0.82	0.20	56.98	11.62	43.24
-0.25	-0.34	0.91	233.70	65.04	49.82
-0.10	0.47	0.88	101.50	61.34	56.99
-0.21	0.54	0.81	111.51	54.51	16.93
-0.22	-0.16	0.96	216.37	74.13	61.50
0.59	-0.63	0.51	313.35	30.38	52.65
-0.91	-0.30	0.27	198.30	15.96	84.24
-0.89	-0.32	0.32	199.60	18.88	77.82
0.50	0.49	0.71	44.24	45.62	56.18
0.14	0.75	0.65	79.31	40.36	85.13
0.58	0.13	0.80	12.96	53.58	71.76
0.44	-0.61	0.66	306.17	41.23	57.06
-0.88	-0.30	0.37	199.07	21.96	43.39
-0.87	0.22	0.43	165.83	25.70	64.87
-0.74	0.35	0.57	154.51	34.65	81.24
0.28	0.22	0.94	38.04	69.42	74.80
-0.34	-0.20	0.92	210.49	66.92	47.91
-0.78	0.11	0.61	172.03	37.75	53.01
-0.77	0.63	0.03	140.67	1.74	47.03
0.71	0.25	0.65	19.26	40.89	10.96
0.71	0.25	0.65	19.26	40.89	10.96
0.72	0.10	0.69	7.58	43.49	63.03
-0.16	0.47	0.87	108.54	60.27	62.98
-0.75	-0.34	0.57	204.32	34.47	39.24
-0.06	-1.00	0.08	266.54	4.44	38.80
-0.76	0.18	0.63	166.69	38.86	62.93
0.75	-0.49	0.45	326.69	26.77	45.64
-0.67	0.49	0.55	143.78	33.29	58.76
-0.37	0.41	0.84	132.21	56.85	37.70
0.76	-0.02	0.64	358.64	40.11	10.30
0.69	-0.70	0.20	314.71	11.57	38.58
-0.26	0.90	0.34	105.91	20.11	75.36
1.00	-0.06	0.04	356.83	2.22	49.96
-0.17	-0.98	0.06	259.98	3.18	58.07
0.98	-0.18	0.03	349.58	2.01	50.01
-0.51	0.30	0.81	148.93	53.80	21.25
-0.79	-0.61	0.09	217.72	5.25	27.58
0.23	0.49	0.84	64.50	56.93	98.81
-0.51	0.75	0.42	124.44	24.76	62.83
0.81	0.45	0.38	29.09	22.29	75.17
-0.96	0.27	0.09	164.29	5.24	42.47
-0.04	0.93	0.36	92.69	21.27	47.82
-0.76	0.43	0.49	150.70	29.50	64.23
-0.76	0.43	0.49	150.70	29.50	64.23
0.90	0.33	0.29	20.19	17.08	76.81
-0.21	0.09	0.97	156.38	76.47	73.37
0.32	0.88	0.37	70.18	21.50	22.47
0.59	-0.76	0.28	307.83	16.34	42.58
-0.09	-0.60	0.80	261.81	52.73	6.94
0.98	0.13	0.14	7.75	8.13	47.43
-0.33	0.57	0.75	119.99	48.44	10.49
-0.33	0.57	0.75	119.99	48.44	10.49
-0.05	-1.00	0.06	266.92	3.51	46.54
0.27	-0.11	0.96	338.25	73.24	70.67
0.27	-0.11	0.96	338.25	73.24	70.67
-0.97	-0.22	0.10	192.52	5.75	35.43
0.96	-0.28	0.02	343.69	1.05	54.21
0.93	0.15	0.32	9.16	18.85	85.35
-0.82	-0.43	0.37	207.85	21.64	61.58
0.59	-0.37	0.71	327.93	45.49	26.27
-0.73	-0.59	0.34	218.73	19.77	81.43
-0.68	-0.61	0.40	221.66	23.70	76.83
-0.87	0.46	0.16	152.06	9.04	66.37
-0.65	0.22	0.73	161.40	46.75	38.97
-0.72	0.32	0.61	156.38	37.73	35.95
-0.48	0.81	0.35	120.61	20.40	73.34
-0.48	0.81	0.35	120.61	20.40	73.34
-0.68	-0.50	0.54	216.31	32.78	51.39
-0.88	0.20	0.42	167.02	24.75	98.02
-0.63	0.12	0.77	168.97	49.99	63.52
-0.63	0.12	0.77	168.97	49.99	63.52
-0.57	0.69	0.46	129.63	27.14	95.15
0.40	0.75	0.52	61.95	31.60	34.17
0.37	0.90	0.22	67.78	12.73	58.28
-0.78	0.61	0.11	141.99	6.23	40.06
-0.78	0.61	0.11	141.99	6.23	40.06
0.45	0.89	0.01	63.37	0.30	56.62
0.45	0.89	0.01	63.37	0.30	56.62
0.45	0.89	0.01	63.37	0.30	56.62
-0.24	0.66	0.71	110.27	45.53	83.94
0.53	0.71	0.46	52.99	27.64	59.29
0.53	0.71	0.46	52.99	27.64	59.29
-0.30	0.55	0.78	118.82	51.52	42.62
-0.64	-0.25	0.73	201.66	46.56	49.98
0.49	0.87	0.06	60.73	3.56	16.64
0.35	0.89	0.30	68.51	17.29	42.10
0.42	0.47	0.78	48.28	51.28	28.56
0.69	0.28	0.67	22.38	41.78	22.93
-0.07	0.98	0.19	93.95	10.94	33.10
-0.26	-0.87	0.42	253.51	25.00	28.99
-0.85	0.43	0.30	153.36	17.60	101.07
0.97	-0.07	0.23	355.77	13.33	69.71
-0.45	0.82	0.36	118.57	21.25	21.31
0.67	0.59	0.45	41.14	26.54	61.01
-0.61	0.49	0.62	140.91	38.54	47.78
0.18	-0.94	0.29	280.60	16.98	45.86
0.34	-0.78	0.53	293.92	31.73	94.31
0.56	-0.45	0.69	321.38	43.85	7.57
-0.90	0.43	0.07	154.17	4.22	71.08
-0.09	0.87	0.49	95.74	29.46	29.87
0.15	0.93	0.33	81.10	18.98	69.88
0.68	-0.03	0.74	357.17	47.31	17.34
0.31	0.94	0.16	71.40	9.09	53.70
0.80	-0.38	0.47	334.37	27.98	86.65
0.62	0.78	0.08	51.76	4.64	62.67
-0.30	-0.24	0.92	218.41	67.15	63.04
-0.85	0.52	0.06	148.81	3.47	77.28
-0.41	0.56	0.72	126.37	45.86	31.48
-0.18	0.73	0.65	103.85	40.90	49.06
-0.49	0.83	0.28	120.48	16.31	41.71
-0.02	1.00	0.06	91.40	3.32	48.66
0.25	0.95	0.18	75.42	10.31	77.90
0.95	0.26	0.15	15.37	8.77	67.59
-0.53	-0.31	0.79	210.09	52.14	57.87
-0.04	-0.99	0.14	267.45	8.05	70.12
0.94	-0.04	0.34	357.85	20.12	46.36
0.46	-0.05	0.88	354.06	62.24	60.67
0.46	-0.05	0.88	354.06	62.24	60.67
-0.73	-0.68	0.00	222.95	0.20	47.04
-0.06	1.00	0.03	93.38	1.72	16.75
0.33	0.91	0.27	70.13	15.43	38.95
0.33	0.91	0.27	70.13	15.43	38.95
-0.07	1.00	0.05	94.15	2.72	35.84
0.84	-0.40	0.36	334.39	21.16	78.57
0.84	-0.40	0.36	334.39	21.16	78.57
-0.05	-0.59	0.80	264.78	53.47	49.64
-0.87	0.49	0.04	150.40	2.41	90.22
0.81	-0.55	0.19	325.72	10.99	19.88
0.04	1.00	0.08	87.74	4.67	65.56
-0.48	-0.13	0.87	195.01	60.52	40.81
0.73	0.22	0.64	16.98	40.10	78.59
0.47	0.61	0.64	52.30	39.55	17.96
-0.33	0.85	0.40	111.16	23.82	60.13
0.90	0.28	0.34	17.25	19.87	86.06
-0.93	0.18	0.33	169.20	19.05	75.10
-0.06	1.00	0.03	93.38	1.72	16.75
-0.69	-0.70	0.19	225.49	11.24	79.30
0.60	-0.78	0.17	307.89	9.95	54.80
0.80	-0.51	0.31	327.35	17.86	32.51
0.91	0.23	0.34	14.05	19.88	12.95
-0.43	-0.08	0.90	190.28	64.04	75.74
-0.26	0.59	0.77	113.72	50.06	45.97
0.38	0.91	0.19	67.45	10.80	82.44
-0.06	1.00	0.03	93.38	1.72	16.75
0.87	-0.36	0.34	337.52	19.61	22.74
-0.30	-0.24	0.92	218.41	67.15	63.04
-0.39	-0.08	0.92	192.07	66.55	53.22
-0.19	0.17	0.97	137.92	75.11	13.33
-0.19	0.17	0.97	137.92	75.11	13.33
-0.54	0.72	0.45	126.90	26.54	81.54
0.04	-0.85	0.53	272.73	32.09	28.93
0.65	0.61	0.46	42.91	27.23	39.10
-0.01	-0.14	0.99	265.02	81.69	84.95
0.58	-0.74	0.33	308.00	19.35	33.35
0.58	0.13	0.80	12.96	53.58	71.76
0.25	0.76	0.60	71.60	37.18	21.15
-0.54	0.17	0.82	163.10	55.35	28.23
-0.59	0.03	0.81	177.06	53.98	79.68
-0.04	-0.50	0.87	265.55	59.98	107.93
0.23	-0.97	0.03	283.54	1.50	7.27
0.64	0.63	0.43	44.57	25.35	56.96
0.56	0.70	0.45	51.58	26.58	60.58
-0.13	-0.72	0.69	259.61	43.36	105.04
-0.99	-0.11	0.07	186.44	4.21	58.87
-0.91	0.41	0.10	155.84	5.70	54.18
0.36	0.21	0.91	30.20	65.24	46.38
0.93	0.34	0.15	19.92	8.49	60.26
0.85	0.24	0.47	15.78	28.17	70.98
0.89	-0.16	0.43	349.91	25.16	78.12
-0.20	-0.88	0.43	257.53	25.36	71.36
0.69	0.39	0.61	29.75	37.60	70.42
-0.20	0.95	0.26	101.67	15.08	41.50
0.16	-0.23	0.96	305.07	73.53	37.56
0.36	0.89	0.27	67.99	15.61	71.95
-0.65	-0.24	0.72	200.49	45.69	67.87
0.84	-0.46	0.28	331.14	16.24	51.50
0.33	-0.36	0.87	313.01	60.95	61.52
0.05	0.09	0.99	62.07	83.93	43.92
0.05	0.09	0.99	62.07	83.93	43.92
0.92	-0.34	0.18	339.88	10.53	62.72
0.79	-0.60	0.14	322.47	7.95	58.73
0.15	-0.41	0.90	289.57	63.99	33.00
0.85	-0.40	0.35	334.52	20.35	9.20
-1.00	-0.02	0.01	181.27	0.85	60.69
-0.45	0.43	0.78	136.70	51.52	54.34
0.65	-0.61	0.45	316.76	26.87	81.47
0.65	-0.61	0.45	316.76	26.87	81.47
-0.72	-0.63	0.29	221.02	16.80	73.79
0.67	-0.70	0.25	313.54	14.72	56.50
-0.99	0.01	0.16	179.26	9.20	76.51
-0.99	0.01	0.16	179.26	9.20	76.51
-0.99	0.01	0.16	179.26	9.20	76.51
0.19	-0.75	0.63	284.12	39.10	37.08
-0.97	-0.06	0.24	183.47	14.08	57.34
-0.66	0.67	0.35	134.40	20.26	75.00
-0.19	-0.98	0.08	259.07	4.49	46.52
-0.60	0.79	0.08	127.28	4.66	48.58
-0.78	0.49	0.39	148.09	22.90	57.64
0.72	0.56	0.40	37.71	23.71	85.57
0.10	0.99	0.12	84.06	6.72	55.73
0.85	0.50	0.15	30.09	8.90	35.40
-0.74	0.62	0.24	139.98	13.66	57.49
-0.74	0.62	0.24	139.98	13.66	57.49
-0.74	0.62	0.24	139.98	13.66	57.49
0.77	0.63	0.11	39.14	6.17	71.14
-0.90	-0.26	0.36	196.18	21.14	74.48
0.80	-0.38	0.47	334.37	27.98	86.65
-0.44	-0.77	0.47	240.09	27.87	85.35
-0.67	0.37	0.64	150.93	39.55	52.06
-0.79	-0.12	0.60	188.29	37.03	74.04
0.75	0.66	0.07	41.23	4.30	91.77
0.58	0.68	0.45	49.64	27.06	52.43
0.49	0.87	0.02	60.36	1.02	47.99
0.49	0.87	0.02	60.36	1.02	47.99
-0.14	-0.65	0.75	257.45	48.46	29.08
0.70	0.35	0.63	26.54	39.01	20.08
0.70	0.35	0.63	26.54	39.01	20.08
0.99	-0.14	0.03	351.82	1.76	74.14
-0.81	0.31	0.49	159.04	29.39	59.70
-0.81	0.31	0.49	159.04	29.39	59.70
-0.91	-0.32	0.25	199.20	14.71	77.24
-0.88	-0.33	0.35	200.73	20.48	83.75
0.34	-0.22	0.92	326.81	66.34	92.95
0.26	-0.90	0.35	285.93	20.67	62.09
0.53	-0.47	0.71	318.39	45.31	53.75
-0.82	-0.45	0.35	208.93	20.52	55.23
-0.44	0.46	0.77	133.40	50.57	60.05
-0.36	-0.93	0.02	248.71	1.02	70.56
-0.38	0.34	0.86	138.19	59.54	63.14
0.18	0.97	0.17	79.62	9.52	12.06
0.83	-0.29	0.48	340.79	28.74	77.15
0.49	-0.27	0.83	331.60	55.86	52.06
-0.80	0.59	0.07	143.51	3.84	38.26
0.62	-0.30	0.72	334.10	46.22	90.84
0.62	-0.30	0.72	334.10	46.22	90.84
0.62	-0.30	0.72	334.10	46.22	90.84
-0.16	0.96	0.22	99.60	12.59	44.91
-0.81	0.56	0.16	145.27	8.96	67.23
-0.12	0.09	0.99	141.80	81.56	54.19
0.92	-0.35	0.19	338.85	10.93	29.99
0.59	0.28	0.76	25.51	49.33	50.26
0.47	0.73	0.49	57.32	29.49	84.58
0.52	-0.31	0.80	329.05	52.70	85.58
0.27	0.21	0.94	38.47	70.18	83.44
-0.35	-0.94	0.03	249.59	1.50	69.27
0.99	0.16	0.02	9.18	1.21	38.42
0.95	-0.25	0.19	344.97	11.16	67.86
0.08	-0.50	0.86	279.29	59.30	69.71
-0.05	-0.54	0.84	264.51	57.30	70.72
-0.51	-0.71	0.48	234.03	28.96	39.46
0.32	0.32	0.89	45.19	63.41	97.48
-0.94	0.21	0.27	167.31	15.96	9.25
0.44	0.76	0.48	59.80	28.80	74.83
0.73	-0.68	0.10	317.02	5.76	70.71
-0.04	0.87	0.49	92.72	29.19	65.75
0.63	0.33	0.70	27.40	44.57	88.08
0.19	0.06	0.98	17.23	78.28	72.74
-0.62	-0.56	0.54	222.15	32.76	44.49
-0.53	-0.31	0.79	210.09	52.14	57.87
0.07	-0.84	0.53	274.82	32.34	14.55
0.25	0.77	0.58	71.86	35.38	21.51
0.87	0.49	0.05	29.68	3.06	76.85
0.87	0.49	0.05	29.68	3.06	76.85
-0.81	0.56	0.14	145.24	8.17	13.30
0.84	0.41	0.37	26.08	21.44	12.17
0.52	-0.42	0.75	321.16	48.19	59.64
0.94	0.28	0.17	16.60	9.75	60.13
-0.22	-0.59	0.78	249.86	51.23	12.58
-0.90	-0.09	0.42	185.69	24.66	63.71
-0.76	0.56	0.34	143.76	20.12	64.24
0.89	-0.36	0.29	338.04	16.67	10.03
0.19	0.92	0.35	78.07	20.58	32.14
0.80	-0.29	0.53	339.97	31.87	84.70
0.83	0.19	0.52	13.21	31.46	81.38
-0.13	0.92	0.37	97.78	21.65	45.83
-0.42	0.87	0.25	115.98	14.50	90.46
0.31	0.94	0.16	71.76	9.10	41.80
0.84	0.41	0.37	26.08	21.44	12.17
0.82	-0.52	0.24	327.81	13.92	93.74
0.99	-0.01	0.10	359.30	5.70	79.44
0.94	0.07	0.32	4.37	18.83	20.49
-0.64	-0.75	0.13	229.58	7.67	77.72
-0.46	-0.29	0.84	212.65	57.04	75.59
-0.55	-0.33	0.77	210.86	50.51	64.62
-0.44	-0.06	0.90	187.65	63.73	55.20
-0.50	0.13	0.86	165.51	59.01	62.25
-0.70	0.08	0.71	173.08	45.14	61.04
0.76	-0.27	0.59	340.83	35.94	76.12
0.37	-0.18	0.91	334.21	65.58	54.12
0.13	0.02	0.99	10.93	82.68	57.32
0.92	0.06	0.40	3.48	23.46	50.20
0.92	0.06	0.40	3.48	23.46	50.20
-0.94	0.31	0.14	161.74	7.99	69.30
-0.43	0.72	0.55	120.66	33.05	84.92
-0.53	0.74	0.41	125.48	24.04	62.69
0.87	0.27	0.41	17.25	24.00	85.79
-0.92	0.25	0.31	164.50	17.89	76.55
0.97	0.25	0.01	14.31	0.70	21.86
-0.50	-0.74	0.45	235.66	26.91	62.73
-0.94	0.31	0.14	161.74	7.99	69.30
0.87	-0.34	0.36	338.64	20.82	66.11
-0.11	0.98	0.15	96.43	8.41	80.21
0.52	-0.37	0.77	324.50	50.61	72.77
0.56	0.35	0.75	32.30	48.70	86.86
-0.68	-0.48	0.56	215.22	33.82	7.46
-0.78	0.49	0.38	147.87	22.12	71.53
0.51	-0.66	0.55	308.05	33.58	3.99
-0.93	0.31	0.19	161.79	10.85	66.94
-0.28	0.91	0.30	106.97	17.49	7.99
-0.44	-0.73	0.52	239.30	31.33	52.31
0.95	0.21	0.21	12.40	12.21	54.69
-0.34	-0.30	0.89	221.43	63.23	69.38
-0.88	0.32	0.36	160.16	21.24	10.87
-0.46	0.81	0.37	119.47	21.69	60.52
-0.52	0.85	0.01	121.26	0.58	31.42
-0.24	-0.91	0.34	255.37	19.61	35.50
-0.24	-0.91	0.34	255.37	19.61	35.50
-0.79	-0.51	0.34	212.76	19.91	31.36
0.33	0.93	0.13	70.53	7.73	40.27
-0.64	-0.59	0.50	222.66	30.16	44.57
0.63	0.69	0.37	47.56	21.63	78.41
-0.91	0.21	0.35	167.28	20.34	61.16
0.35	0.93	0.06	69.42	3.23	59.35
0.35	0.93	0.06	69.42	3.23	59.35
-0.86	-0.38	0.34	203.81	20.09	84.16
-0.22	0.64	0.74	109.01	47.37	28.98
-1.00	-0.04	0.05	182.35	2.62	65.97
0.46	-0.73	0.50	302.51	30.11	56.32
-0.38	0.23	0.89	148.86	63.42	20.46
0.16	-0.98	0.08	279.32	4.61	39.44
0.99	-0.10	0.10	354.20	5.98	89.37
-0.47	0.80	0.37	120.53	21.91	60.34
0.88	0.00	0.47	0.32	28.17	77.99
-0.20	0.96	0.20	101.68	11.29	38.02
0.57	-0.29	0.77	333.01	50.27	73.35
0.39	0.15	0.91	21.22	65.44	54.14
-0.50	0.13	0.86	165.51	59.01	62.25
0.45	0.89	0.10	63.24	5.78	12.72
0.84	0.13	0.53	8.93	32.27	84.31
-0.59	0.35	0.73	149.33	46.99	60.74
-0.16	-0.94	0.29	260.45	17.06	15.76
0.33	0.73	0.60	65.82	36.96	51.93
0.88	0.03	0.48	2.21	28.47	45.80
0.77	-0.63	0.08	320.48	4.61	91.74
-0.64	0.71	0.29	131.88	16.96	54.49
-0.70	-0.71	0.12	225.47	6.64	68.09
-0.38	0.49	0.79	128.15	51.75	71.41
0.78	-0.56	0.27	324.23	15.84	27.91
-0.98	-0.13	0.13	187.57	7.63	47.48
-0.98	-0.13	0.13	187.57	7.63	47.48
-0.46	0.86	0.23	118.28	13.24	25.13
-0.46	0.86	0.23	118.28	13.24	25.13
0.08	-0.70	0.71	276.51	45.59	64.47
0.06	-0.57	0.82	275.98	55.06	51.63
0.08	-0.70	0.71	276.51	45.59	64.47
0.88	-0.37	0.28	337.15	16.23	66.82
-0.70	-0.71	0.12	225.47	6.64	68.09
0.89	0.16	0.44	10.34	25.88	33.57
-0.78	0.34	0.53	156.71	31.78	73.40
0.60	-0.66	0.44	312.25	26.21	61.98
0.43	-0.84	0.32	296.78	18.82	45.07
0.74	0.46	0.48	32.11	29.01	47.57
0.44	0.48	0.76	47.32	49.38	66.48
-0.64	0.39	0.66	148.30	41.64	70.40
-0.64	0.39	0.66	148.30	41.64	70.40
0.64	0.76	0.06	49.89	3.30	19.73
-0.89	0.45	0.03	153.36	1.54	13.20
-0.21	-0.77	0.61	254.72	37.37	102.05
0.02	-0.61	0.79	271.68	52.21	64.95
-0.48	0.59	0.65	128.90	40.81	80.86
-0.67	0.69	0.29	134.02	16.59	87.69
-0.67	0.69	0.29	134.02	16.59	87.69
0.35	0.62	0.70	60.75	44.54	69.86
-0.08	0.97	0.23	94.90	13.26	51.00
0.20	-0.38	0.90	298.47	64.63	25.23
-0.89	0.10	0.44	173.82	26.10	51.84
-0.89	0.10	0.44	173.82	26.10	51.84
-0.89	0.10	0.44	173.82	26.10	51.84
0.46	0.89	0.05	62.69	3.03	13.53
-0.93	-0.25	0.26	194.82	15.17	48.53
0.98	-0.11	0.15	353.76	8.45	70.64
0.45	0.61	0.65	53.79	40.78	71.27
-0.16	-0.97	0.20	260.35	11.75	74.47
-0.93	-0.07	0.36	184.45	21.27	15.45
0.79	0.61	0.07	37.86	4.06	64.66
-0.90	-0.41	0.17	204.43	9.84	27.58
-0.39	0.75	0.53	117.49	32.16	54.90
0.49	-0.55	0.68	311.35	42.63	32.03
0.89	-0.43	0.16	334.20	9.06	77.60
0.85	-0.43	0.32	333.29	18.49	66.89
0.81	-0.51	0.29	327.82	16.94	98.89
0.81	-0.51	0.29	327.82	16.94	98.89
0.81	-0.51	0.29	327.82	16.94	98.89
0.01	0.95	0.32	89.61	18.95	41.91
0.97	0.23	0.12	13.43	6.78	67.53
0.78	-0.21	0.59	345.24	36.05	28.30
-0.87	-0.47	0.15	208.27	8.51	14.00
-0.87	-0.47	0.15	208.27	8.51	14.00
-0.87	-0.47	0.15	208.27	8.51	14.00
0.94	-0.31	0.16	341.95	9.26	29.84
0.42	-0.91	0.02	295.06	1.01	56.45
0.77	0.40	0.49	27.67	29.31	61.44
0.33	0.89	0.32	69.82	18.60	36.42
0.48	-0.54	0.69	311.72	43.39	44.91
0.49	-0.55	0.68	311.35	42.63	32.03
-0.17	-0.98	0.14	259.97	8.03	14.95
0.50	-0.18	0.84	340.31	57.63	54.87
-0.67	0.52	0.53	142.11	32.10	56.19
-0.20	0.68	0.70	106.32	44.54	48.86
-0.28	-0.72	0.64	248.69	39.73	89.29
0.09	-0.79	0.60	276.12	36.97	47.10
0.97	-0.13	0.18	352.33	10.33	62.46
0.93	-0.32	0.17	341.12	9.50	16.28
-0.14	0.99	0.05	97.99	2.92	20.42
-0.00	-1.00	0.00	269.79	0.03	43.36
-0.96	-0.19	0.21	191.21	12.06	70.12
0.72	-0.57	0.40	321.62	23.57	76.78
-0.54	0.25	0.80	155.24	53.42	61.68
-0.50	-0.37	0.79	216.81	51.76	60.49
-0.15	-0.77	0.61	259.21	37.95	72.76
0.58	-0.07	0.81	353.15	54.05	64.77
-0.61	-0.50	0.62	219.23	38.14	21.42
-0.51	0.45	0.73	138.31	46.98	57.18
0.25	-0.97	0.05	284.61	3.09	40.12
-0.49	-0.04	0.87	184.90	60.27	56.47
-0.60	-0.13	0.79	192.57	52.38	75.60
-0.61	-0.50	0.62	219.23	38.14	21.42
-0.66	0.51	0.55	142.04	33.66	62.39
0.65	-0.45	0.61	325.03	37.81	47.30
-0.14	0.36	0.92	112.00	67.47	19.81
0.61	-0.74	0.28	309.73	16.41	44.99
-0.44	0.76	0.49	119.90	29.15	14.33
-0.84	0.46	0.29	151.48	16.70	58.96
0.64	-0.36	0.68	330.47	42.84	80.19
0.24	-0.57	0.78	293.26	51.67	17.02
0.98	-0.17	0.04	350.27	2.40	51.26
-0.26	-0.96	0.13	255.09	7.20	33.81
-0.26	-0.96	0.13	255.09	7.20	33.81
-0.98	0.19	0.06	169.23	3.53	53.47
-0.98	0.19	0.06	169.23	3.53	53.47
0.84	0.35	0.42	22.90	24.70	21.58
0.84	0.35	0.42	22.90	24.70	21.58
0.84	0.35	0.42	22.90	24.70	21.58
1.00	-0.01	0.10	359.35	5.62	67.66
-0.89	0.42	0.17	154.83	9.81	86.34
0.55	0.46	0.70	40.23	44.39	61.00
-0.04	0.84	0.53	92.65	32.30	96.31
-0.04	0.84	0.53	92.65	32.30	96.31
0.13	0.47	0.87	75.07	60.81	35.16
0.21	-0.08	0.97	339.37	77.14	55.83
-0.26	-0.96	0.04	254.71	2.09	69.93
-0.86	0.01	0.51	179.14	30.45	84.55
-0.86	0.01	0.51	179.14	30.45	84.55
-0.19	0.57	0.80	108.19	53.47	23.59
0.68	-0.14	0.72	348.70	45.97	22.90
-0.76	0.48	0.44	147.65	26.15	57.45
0.68	0.47	0.57	34.65	34.62	50.49
0.99	-0.02	0.10	358.79	5.73	30.19
0.99	-0.02	0.10	358.79	5.73	30.19
0.68	0.24	0.69	19.17	43.76	74.30
-0.52	0.55	0.66	133.04	40.96	60.34
-0.13	-0.99	0.03	262.37	1.52	7.65
-0.58	-0.03	0.81	182.94	54.26	42.56
-0.80	0.55	0.22	145.64	12.88	38.20
0.83	0.16	0.53	10.60	32.05	75.16
-0.97	-0.15	0.18	188.94	10.28	78.33
-0.81	0.49	0.33	148.88	19.14	28.52
0.22	0.77	0.60	74.12	37.15	67.10
-0.82	0.55	0.14	146.15	7.88	55.71
0.23	-0.23	0.95	315.23	71.21	28.90
-0.87	0.41	0.27	154.74	15.81	30.54
-0.87	0.41	0.27	154.74	15.81	30.54
0.99	0.13	0.08	7.63	4.78	71.47
-0.12	-0.95	0.30	262.58	17.43	61.07
-0.05	0.11	0.99	115.23	83.05	38.05
-0.97	-0.15	0.18	188.94	10.28	78.33
0.52	0.50	0.70	44.15	44.03	70.89
-0.20	0.96	0.20	101.96	11.72	60.11
-0.51	0.45	0.73	138.31	46.98	57.18
0.98	0.07	0.18	4.15	10.66	59.66
-0.03	-1.00	0.09	268.55	4.96	57.70
-0.88	-0.46	0.09	207.72	5.06	60.06
0.31	-0.48	0.82	303.11	55.41	50.04
-0.93	0.23	0.29	166.27	16.69	30.19
-0.03	-1.00	0.02	268.52	1.20	69.49
0.86	0.47	0.21	28.85	12.06	54.01
0.86	0.47	0.21	28.85	12.06	54.01
-0.98	0.21	0.02	167.84	1.03	9.06
-0.34	-0.64	0.69	241.98	43.56	90.85
0.19	-0.96	0.18	281.29	10.60	6.49
-0.14	0.03	0.99	167.34	81.95	19.56
-0.09	0.23	0.97	111.62	75.79	50.17
0.15	-0.46	0.88	287.55	61.20	103.32
0.61	0.66	0.43	47.07	25.68	59.81
-0.33	-0.59	0.74	240.51	47.54	49.29
-0.26	-0.92	0.28	254.28	16.36	74.58
0.00	-0.72	0.70	270.39	44.35	24.95
0.28	0.83	0.48	71.29	28.69	10.18
0.28	0.83	0.48	71.29	28.69	10.18
-0.33	0.82	0.47	111.83	28.05	51.96
-0.44	0.88	0.16	116.39	9.10	71.76
-0.98	0.19	0.06	169.23	3.53	53.47
0.58	-0.07	0.81	353.15	54.05	64.77
0.78	0.61	0.13	37.67	7.53	51.36
-0.26	-0.27	0.93	225.93	68.20	56.23
-0.98	0.05	0.18	177.01	10.21	36.46
0.71	-0.58	0.40	320.38	23.75	66.46
-0.96	-0.27	0.12	195.54	7.17	57.56
-0.96	-0.27	0.12	195.54	7.17	57.56
-0.96	-0.27	0.12	195.54	7.17	57.56
0.99	-0.17	0.01	350.15	0.30	55.70
-0.75	0.58	0.30	142.33	17.57	56.37
-0.07	-0.97	0.24	265.89	13.68	60.72
-0.07	-0.97	0.24	265.89	13.68	60.72
-0.42	0.64	0.65	123.51	40.33	79.05
0.12	-0.54	0.83	282.81	56.04	49.60
-0.96	-0.10	0.26	185.70	15.20	59.51
-0.86	-0.36	0.36	203.03	21.19	32.27
-0.50	0.63	0.59	128.43	36.05	35.27
0.54	0.27	0.80	26.49	52.73	66.66
-0.92	0.19	0.34	168.26	19.88	84.32
0.81	0.28	0.51	19.29	30.87	49.73
0.81	0.28	0.51	19.29	30.87	49.73
0.59	-0.53	0.61	318.09	37.65	51.89
-0.98	-0.01	0.19	180.75	10.86	60.12
-0.99	-0.15	0.02	188.56	1.09	50.57
0.78	0.62	0.10	38.74	6.00	17.72
0.78	0.62	0.10	38.74	6.00	17.72
0.47	-0.36	0.81	322.75	53.98	62.28
0.95	0.28	0.13	16.46	7.47	42.63
-0.11	0.90	0.42	96.74	24.79	80.75
-0.88	0.48	0.03	151.54	1.60	58.45
0.02	0.88	0.48	88.82	28.75	84.27
-0.91	-0.41	0.03	204.43	1.91	11.24
0.74	-0.20	0.64	344.58	39.77	60.16
0.47	-0.36	0.81	322.75	53.98	62.28
0.74	-0.20	0.64	344.58	39.77	60.16
0.47	-0.64	0.61	306.37	37.55	54.16
0.08	0.62	0.78	82.86	51.10	52.39
0.75	-0.20	0.63	345.13	39.32	30.14
0.74	-0.21	0.64	343.82	39.93	30.03
0.74	-0.20	0.64	344.58	39.77	60.16
0.64	0.42	0.65	32.99	40.31	67.03
0.00	-0.92	0.40	270.23	23.44	14.51
0.76	-0.45	0.47	329.15	28.29	39.87
0.92	-0.26	0.30	344.08	17.19	76.26
0.84	0.52	0.19	31.69	10.92	46.30
-0.65	0.52	0.55	141.44	33.24	57.04
0.78	0.15	0.61	11.07	37.48	13.30
-0.79	0.05	0.62	176.66	38.14	19.38
-0.65	0.74	0.14	131.34	7.82	14.27
-0.89	0.11	0.44	172.85	25.84	73.45
-0.88	-0.16	0.44	190.48	26.08	57.96
0.97	0.06	0.25	3.41	14.19	82.55
0.97	0.06	0.25	3.41	14.19	82.55
0.01	0.50	0.87	88.68	60.17	13.86
0.58	-0.49	0.65	319.77	40.29	55.46
-0.30	0.03	0.95	175.23	72.49	45.87
0.57	0.53	0.63	43.28	38.71	36.57
0.49	0.40	0.77	38.68	50.78	98.73
0.27	0.22	0.94	39.59	69.47	84.63
0.37	0.09	0.93	13.73	67.81	34.88
0.74	-0.35	0.57	334.64	34.60	46.19
-0.25	-0.65	0.72	249.37	45.85	77.24
-0.57	-0.76	0.30	233.24	17.29	15.61
-0.97	-0.15	0.18	188.94	10.28	78.33
0.28	0.22	0.94	38.14	69.53	82.89
0.57	-0.12	0.81	347.79	54.57	39.70
0.41	-0.45	0.79	312.73	52.40	42.14
0.42	-0.65	0.63	303.12	39.00	48.52
-0.39	-0.87	0.31	245.66	18.11	19.88
0.42	0.56	0.71	52.89	45.33	55.82
-0.60	0.61	0.52	134.34	31.32	98.42
0.32	0.21	0.92	33.13	67.32	70.58
-0.57	-0.57	0.59	225.35	36.26	63.56
0.89	0.32	0.33	19.72	19.35	41.84
-0.18	0.23	0.96	127.78	72.94	50.45
-0.49	-0.56	0.67	228.75	41.76	77.92
0.08	0.39	0.91	77.86	66.18	12.82
-0.60	-0.22	0.77	200.04	50.60	46.28
0.92	-0.31	0.23	341.14	13.48	51.87
0.18	0.53	0.82	71.01	55.57	52.06
-0.16	0.97	0.17	99.14	9.59	44.34
0.69	-0.08	0.72	353.17	46.17	76.12
0.22	0.88	0.42	75.87	25.13	36.72
0.22	0.88	0.42	75.87	25.13	36.72
-0.48	0.70	0.54	124.51	32.43	112.14
0.97	0.18	0.18	10.52	10.45	79.05
0.89	-0.18	0.41	348.73	24.15	38.83
0.25	0.79	0.55	72.65	33.64	51.76
-0.19	0.93	0.30	101.71	17.73	74.00
-0.29	0.92	0.28	107.57	15.99	21.26
-0.18	-0.70	0.70	255.60	44.06	77.87
-0.19	-0.34	0.92	241.05	67.00	96.00
-0.11	0.34	0.94	107.92	69.26	51.52
-0.69	0.55	0.48	141.38	28.68	10.96
0.98	-0.13	0.15	352.16	8.78	47.78
-0.29	0.86	0.42	108.88	25.07	95.13
0.97	-0.22	0.14	347.21	7.82	56.65
0.25	0.97	0.04	75.30	2.40	17.60
-0.09	0.94	0.33	95.30	19.00	65.64
-0.62	-0.65	0.45	226.55	26.43	58.72
0.13	-0.93	0.35	278.04	20.42	37.69
-0.08	0.37	0.93	102.07	68.07	64.13
0.16	0.18	0.97	48.21	76.29	22.83
-0.67	-0.25	0.70	200.20	44.69	67.25
-0.14	-0.59	0.79	256.99	52.38	64.56
-0.03	-1.00	0.08	268.50	4.55	75.63
-0.90	0.32	0.29	160.43	17.04	50.91
-0.80	0.44	0.40	151.35	23.79	43.77
-0.25	0.48	0.84	117.41	57.02	104.53
-0.88	-0.12	0.45	187.87	26.87	53.68
-0.36	0.92	0.13	111.31	7.57	79.86
0.14	-0.98	0.12	278.36	6.80	67.32
0.08	0.28	0.96	74.11	73.14	77.82
0.11	0.24	0.96	65.12	74.65	80.97
-0.78	0.45	0.43	149.82	25.29	15.81
0.30	0.29	0.91	44.21	65.22	75.23
0.77	0.53	0.35	34.50	20.48	6.05
0.77	0.53	0.35	34.50	20.48	6.05
-0.96	-0.18	0.22	190.75	12.71	69.98
0.89	0.36	0.30	21.92	17.17	59.80
0.04	-0.98	0.17	272.47	10.01	43.76
-0.86	-0.50	0.08	209.94	4.41	55.18
-0.94	-0.03	0.33	181.55	19.40	75.42
-0.63	0.63	0.45	135.11	26.49	88.07
-0.93	0.19	0.31	168.45	18.05	70.83
-0.71	0.04	0.71	176.76	45.04	47.28
0.87	-0.19	0.46	347.92	27.10	60.20
-0.03	1.00	0.06	91.78	3.44	42.52
-0.81	0.54	0.24	146.07	13.74	51.08
-0.68	0.70	0.22	133.92	12.64	49.82
-0.34	-0.49	0.80	235.33	53.50	26.61
-0.82	0.53	0.20	147.22	11.40	41.97
-0.74	0.51	0.44	145.18	26.41	49.41
0.15	0.94	0.29	80.85	16.97	79.82
-0.37	-0.67	0.64	241.24	40.11	54.67
-0.61	0.40	0.69	146.36	43.37	20.03
-0.77	0.39	0.50	152.82	30.20	62.94
-0.78	0.53	0.34	145.94	19.75	81.03
-0.88	0.36	0.32	157.76	18.58	15.97
-0.21	0.58	0.78	110.00	51.68	15.69
-0.74	0.51	0.44	145.18	26.41	49.41
0.29	-0.81	0.51	289.34	30.56	62.33
0.44	-0.83	0.33	297.99	19.52	70.66
0.44	-0.83	0.33	297.99	19.52	70.66
-0.62	-0.71	0.32	228.84	18.91	30.14
0.54	-0.57	0.62	313.45	38.32	51.82
-0.19	-0.39	0.90	244.08	64.33	29.49
-0.81	0.45	0.36	151.07	21.37	59.86
0.37	-0.45	0.81	309.70	54.25	52.47
0.79	-0.41	0.45	332.34	26.72	9.03
0.87	-0.04	0.49	357.53	29.29	13.34
0.87	-0.04	0.49	357.53	29.29	13.34
-0.77	0.49	0.40	147.36	23.42	65.01
-0.30	-0.63	0.72	244.65	46.07	72.58
0.69	0.01	0.72	1.22	46.09	24.61
-0.69	-0.72	0.06	226.39	3.50	65.84
-0.11	-0.60	0.79	259.61	52.32	6.97
-0.63	-0.77	0.12	230.52	6.77	51.56
0.33	-0.93	0.16	289.51	9.34	56.08
-0.24	-0.41	0.88	240.13	61.83	13.10
-0.69	0.67	0.28	136.16	16.03	78.40
0.42	-0.26	0.87	328.38	60.45	26.97
-0.98	-0.04	0.19	182.14	10.96	46.23
-0.52	-0.81	0.25	237.24	14.39	20.32
-0.90	0.16	0.40	170.12	23.47	20.18
-0.72	-0.57	0.40	218.64	23.39	55.60
-0.77	-0.38	0.52	206.34	31.18	23.51
-0.80	0.27	0.54	161.33	32.70	76.89
1.00	0.01	0.07	0.67	3.74	58.14
0.78	0.61	0.15	37.92	8.39	63.67
-0.74	-0.45	0.50	210.96	30.04	53.61
0.38	-0.90	0.20	292.70	11.53	53.49
0.41	0.85	0.33	64.21	19.07	89.25
0.68	0.08	0.73	6.90	47.16	83.09
-0.62	0.41	0.67	146.59	41.86	53.31
0.50	-0.50	0.71	314.63	44.97	50.41
-0.76	0.32	0.57	157.39	34.80	81.27
0.96	-0.18	0.20	349.57	11.70	57.10
0.77	0.05	0.64	3.53	39.63	95.04
0.79	0.03	0.61	1.82	37.57	70.64
0.67	0.57	0.48	40.45	28.87	14.56
-0.27	0.59	0.76	114.67	49.36	46.36
0.98	0.16	0.14	9.00	7.82	52.60
0.11	0.27	0.96	67.80	73.09	35.54
-0.34	0.82	0.47	112.55	27.83	109.33
-0.06	0.58	0.82	95.50	54.65	42.20
0.25	0.97	0.06	75.57	3.45	40.79
0.15	0.99	0.08	81.43	4.53	35.03
0.61	-0.72	0.32	310.34	18.45	59.87
-0.88	0.47	0.10	152.06	5.73	95.88
-0.88	0.47	0.10	152.06	5.73	95.88
0.91	0.21	0.34	13.16	20.12	73.29
0.91	0.21	0.34	13.16	20.12	73.29
0.67	0.57	0.48	40.45	28.87	14.56
-0.93	-0.16	0.32	189.86	18.71	16.47
0.02	-0.44	0.90	272.05	63.71	13.05
0.05	0.90	0.44	86.65	26.15	32.57
-0.97	-0.16	0.15	189.45	8.85	89.88
-0.83	0.45	0.33	151.23	19.10	45.50
0.23	-0.95	0.19	283.45	11.17	38.62
0.93	0.15	0.35	9.16	20.38	40.72
0.96	0.26	0.05	15.34	2.93	20.57
0.37	-0.83	0.42	293.75	24.73	67.15
-0.71	-0.55	0.45	217.62	26.50	84.43
0.53	-0.82	0.20	302.74	11.48	18.13
-0.99	0.09	0.14	174.69	8.01	34.00
0.22	0.71	0.67	73.10	41.73	34.94
-0.72	0.53	0.44	143.54	26.15	80.82
-0.96	0.08	0.27	175.36	15.50	47.33
0.30	0.29	0.91	44.21	65.22	75.23
0.52	0.73	0.44	54.56	26.02	55.72
-0.14	0.99	0.02	97.97	1.36	29.89
-0.97	0.12	0.19	173.17	11.01	64.82
0.18	0.70	0.70	75.57	44.07	43.96
0.72	-0.02	0.69	358.05	43.97	12.27
-0.03	-1.00	0.09	268.32	5.27	8.73
-0.66	0.25	0.71	159.33	45.18	69.43
0.40	-0.89	0.23	294.40	13.56	68.29
0.19	0.61	0.77	72.28	50.42	61.21
-0.42	0.89	0.19	115.54	10.97	71.15
0.29	0.65	0.70	66.32	44.45	62.07
0.92	-0.35	0.19	339.06	11.09	36.83
0.65	0.24	0.72	20.43	46.18	89.69
0.70	-0.24	0.67	341.03	41.82	66.34
-0.01	-0.35	0.94	268.91	69.67	30.15
0.69	0.42	0.60	31.42	36.59	66.64
0.18	0.62	0.76	73.66	49.89	55.85
0.49	-0.69	0.53	305.36	32.11	81.26
0.16	0.91	0.37	79.96	21.95	37.87
0.83	-0.54	0.12	327.21	7.00	101.95
-0.90	0.30	0.31	161.42	18.27	63.36
0.99	0.09	0.15	5.05	8.35	67.28
0.92	0.28	0.26	16.69	15.17	51.91
-0.92	-0.03	0.39	182.13	22.92	65.90
0.02	0.94	0.34	88.99	19.88	40.27
0.28	0.89	0.37	72.38	21.48	47.79
0.04	0.96	0.29	87.41	16.77	43.79
0.07	0.95	0.31	85.83	18.34	74.73
-0.34	-0.94	0.09	250.06	5.23	54.04
0.49	-0.02	0.87	357.63	60.48	67.29
-0.66	-0.65	0.37	224.41	21.44	65.21
-0.95	0.02	0.31	178.51	17.88	63.41
0.51	0.69	0.52	53.22	31.03	61.62
0.17	-0.96	0.23	279.83	13.37	61.20
-0.27	0.46	0.84	120.19	57.55	71.08
0.34	-0.73	0.59	294.96	35.88	29.32
-0.96	-0.26	0.04	195.29	2.45	45.62
0.52	-0.21	0.83	338.52	55.75	32.07
0.12	-0.27	0.96	293.09	72.90	52.23
-0.28	-0.19	0.94	214.95	70.36	54.14
0.41	-0.67	0.62	301.31	38.42	20.45
0.40	-0.86	0.31	294.98	18.25	47.67
0.23	0.09	0.97	21.21	76.03	27.92
0.90	0.36	0.26	21.97	15.12	36.76
0.47	-0.88	0.07	298.19	3.90	50.54
-0.90	0.36	0.26	158.35	15.15	32.77
-0.51	-0.82	0.26	238.08	15.13	20.92
0.91	0.40	0.04	23.89	2.19	66.96
-0.01	-0.86	0.51	269.18	30.81	38.31
0.22	0.27	0.94	50.56	69.41	59.76
0.22	0.27	0.94	50.56	69.41	59.76
-0.43	-0.90	0.10	244.58	5.71	55.74
0.98	-0.18	0.12	349.65	6.70	47.34
0.98	-0.18	0.12	349.65	6.70	47.34
-0.92	0.09	0.38	174.47	22.32	20.96
-0.66	0.60	0.46	137.73	27.23	69.36
-0.99	0.16	0.03	170.88	1.91	49.98
0.89	0.25	0.38	16.02	22.49	55.95
0.94	0.32	0.15	18.68	8.78	46.19
0.82	0.57	0.11	34.78	6.44	60.03
-0.31	-0.84	0.45	249.45	26.47	47.74
-0.12	-0.94	0.32	262.53	18.76	60.48
0.75	-0.41	0.52	331.04	31.40	63.61
-0.99	0.03	0.14	178.29	7.76	43.12
-0.81	-0.16	0.56	191.21	33.89	22.16
0.70	0.72	0.02	45.85	1.03	72.11
0.33	-0.94	0.05	289.22	2.96	54.45
0.66	0.51	0.55	37.75	33.52	56.10
-0.81	-0.51	0.28	212.18	16.36	69.70
-0.87	0.06	0.49	175.89	29.25	72.03
-0.76	0.09	0.64	173.51	39.67	68.38
-0.76	0.09	0.64	173.51	39.67	68.38
-0.72	-0.10	0.68	187.98	43.09	34.72
-0.88	-0.40	0.25	204.16	14.32	72.35
0.23	-0.78	0.59	286.60	35.93	92.27
-0.38	0.34	0.86	138.44	59.17	70.20
0.76	-0.56	0.32	323.46	18.54	58.71
-0.87	-0.22	0.43	194.24	25.58	55.27
-0.18	-0.35	0.92	243.00	66.53	55.00
-0.63	-0.68	0.38	227.38	22.30	48.08
-0.84	-0.39	0.37	204.97	21.92	37.79
-0.30	-0.90	0.32	251.50	18.93	31.97
-0.97	-0.15	0.19	188.90	10.98	30.38
0.06	0.17	0.98	70.23	79.35	63.96
0.80	-0.58	0.13	324.13	7.30	73.30
0.80	-0.58	0.13	324.13	7.30	73.30
-0.70	0.55	0.46	141.73	27.17	67.79
0.44	0.88	0.19	63.25	11.06	55.44
-0.02	-0.49	0.87	267.57	60.49	26.27
-0.02	-0.49	0.87	267.57	60.49	26.27
0.79	-0.42	0.46	331.92	27.14	80.99
0.92	-0.27	0.30	343.68	17.37	18.10
0.95	0.24	0.22	14.13	12.53	45.57
0.89	-0.45	0.09	332.89	4.94	72.71
0.52	-0.42	0.74	320.52	48.07	26.35
-0.72	-0.33	0.60	204.76	37.12	63.35
-0.96	-0.19	0.19	191.36	11.04	59.07
-0.79	0.56	0.26	144.50	15.28	50.49
0.45	0.89	0.03	63.01	1.71	6.29
0.45	0.89	0.03	63.01	1.71	6.29
0.12	0.89	0.45	82.09	26.52	32.33
0.12	0.89	0.45	82.09	26.52	32.33
0.60	0.53	0.60	41.24	37.02	56.84
0.97	0.24	0.01	13.69	0.78	75.29
0.87	-0.44	0.22	332.93	12.46	97.83
0.26	-0.68	0.69	291.03	43.42	96.28
0.17	-0.94	0.31	280.03	18.21	67.28
-0.29	-0.73	0.62	248.01	38.56	43.84
-0.29	-0.73	0.62	248.01	38.56	43.84
-0.10	0.67	0.73	98.05	47.26	57.36
0.78	0.41	0.47	27.65	28.35	89.86
0.99	0.12	0.03	7.13	1.48	80.36
-0.15	-0.43	0.89	250.97	63.25	32.18
0.68	-0.19	0.71	344.37	45.44	47.20
0.79	-0.40	0.47	332.99	27.90	40.99
0.94	-0.02	0.33	358.93	19.14	65.08
0.89	-0.19	0.41	347.71	24.45	67.14
0.24	-0.90	0.35	284.84	20.64	45.70
-0.51	0.83	0.23	121.69	13.06	59.21
0.74	-0.44	0.51	329.17	30.48	57.84
-0.14	-0.11	0.98	218.20	79.61	33.95
0.38	0.09	0.92	12.71	66.84	55.45
-0.38	-0.47	0.80	230.72	52.79	70.18
0.74	-0.61	0.30	320.56	17.17	41.09
0.78	-0.48	0.40	328.69	23.38	98.01
0.78	-0.48	0.40	328.69	23.38	98.01
-0.24	-0.19	0.95	218.17	72.45	57.86
0.76	-0.44	0.47	329.92	28.34	84.26
-0.53	-0.67	0.53	231.77	31.68	44.48
-0.54	-0.08	0.84	188.44	56.79	18.81
-0.28	-0.84	0.46	251.70	27.58	28.07
0.18	-0.78	0.60	282.80	36.79	47.95
0.67	0.75	0.00	48.18	0.05	60.92
0.92	0.38	0.09	22.24	5.39	26.51
-0.95	-0.18	0.27	190.74	15.51	20.11
-0.46	-0.30	0.83	213.18	56.25	39.35
-0.46	-0.30	0.83	213.18	56.25	39.35
0.97	0.25	0.01	14.49	0.75	15.56
-0.56	-0.60	0.57	227.22	34.76	70.59
-0.56	-0.60	0.57	227.22	34.76	70.59
0.75	-0.61	0.26	320.85	15.23	19.37
-0.71	-0.55	0.43	217.73	25.33	50.37
-0.23	0.79	0.57	106.26	34.60	85.92
0.66	0.55	0.52	39.87	31.04	66.14
0.10	0.70	0.70	81.86	44.64	54.68
0.62	-0.23	0.75	340.01	48.83	80.78
-0.70	-0.28	0.66	201.84	41.34	19.62
-0.68	0.72	0.12	133.38	6.98	50.06
0.38	0.50	0.78	52.86	51.48	66.79
0.38	0.50	0.78	52.86	51.48	66.79
-0.60	0.79	0.17	127.18	9.70	52.49
-0.37	0.92	0.09	111.92	5.45	39.26
0.74	-0.61	0.28	320.41	16.53	60.45
0.45	0.88	0.16	63.00	9.40	49.69
0.79	-0.05	0.61	356.70	37.86	57.87
0.36	0.39	0.85	46.84	58.03	24.81
-0.39	0.82	0.41	115.43	24.32	78.30
0.68	-0.22	0.69	341.83	43.91	47.05
0.52	-0.48	0.71	317.74	45.03	103.39
0.98	0.13	0.17	7.54	9.68	64.34
-0.18	0.94	0.30	100.67	17.23	58.95
-0.74	0.21	0.64	163.80	39.82	34.82
-0.74	0.21	0.64	163.80	39.82	34.82
0.95	0.31	0.11	18.01	6.27	49.75
0.94	0.10	0.31	6.10	18.35	54.30
-0.97	0.14	0.19	171.69	11.22	27.14
0.84	-0.33	0.42	338.43	24.73	65.79
0.84	-0.33	0.42	338.43	24.73	65.79
0.45	-0.65	0.61	304.60	37.95	92.15
0.45	-0.65	0.61	304.60	37.95	92.15
-0.05	0.18	0.98	105.83	79.10	21.39
-0.05	0.18	0.98	105.83	79.10	21.39
-0.05	0.18	0.98	105.83	79.10	21.39
-0.98	-0.00	0.20	180.12	11.32	46.61
-0.98	-0.00	0.20	180.12	11.32	46.61
0.63	0.76	0.15	50.30	8.64	66.78
0.99	0.11	0.06	6.20	3.46	58.43
-0.72	-0.08	0.69	186.71	43.78	31.71
-0.94	0.23	0.26	166.46	15.11	70.88
-0.55	0.64	0.53	130.72	31.71	60.34
0.91	-0.24	0.34	344.96	19.78	13.46
-0.99	-0.13	0.03	187.30	1.47	60.16
0.12	-0.28	0.95	292.39	72.15	58.45
0.24	-0.23	0.94	315.74	70.70	58.15
0.92	0.35	0.19	20.99	11.07	24.68
0.17	0.76	0.63	77.53	39.22	16.74
0.04	0.63	0.78	86.41	51.16	53.16
0.20	0.87	0.44	76.84	26.04	14.91
1.00	0.01	0.10	0.58	5.46	43.93
-0.94	0.14	0.30	171.34	17.29	43.77
0.93	-0.22	0.30	346.47	17.23	45.78
0.60	-0.06	0.80	354.26	52.98	54.85
0.90	-0.26	0.35	343.58	20.68	59.09
0.52	-0.35	0.78	325.79	51.19	47.40
0.61	0.79	0.06	52.17	3.30	7.33
-0.33	-0.74	0.59	246.09	36.02	38.31
0.09	-0.84	0.53	276.06	31.89	43.42
-0.21	0.50	0.84	112.55	57.35	39.77
-0.92	-0.24	0.30	194.57	17.21	83.82
-0.59	-0.57	0.58	224.08	35.18	60.59
0.56	-0.37	0.75	326.69	48.17	21.81
0.06	-0.01	1.00	350.64	86.29	48.43
-0.67	-0.61	0.42	222.23	24.94	54.43
-0.93	-0.26	0.25	195.55	14.38	8.04
-0.66	-0.58	0.48	221.01	28.57	43.11
0.92	0.39	0.10	22.92	6.00	15.36
-0.77	-0.18	0.62	193.18	38.14	82.08
-0.97	0.21	0.12	167.92	7.05	65.47
0.69	0.70	0.19	45.57	10.86	49.69
-0.79	0.28	0.54	160.69	32.93	48.30
-0.79	0.28	0.54	160.69	32.93	48.30
-0.48	-0.78	0.40	238.43	23.80	10.40
-0.42	0.42	0.81	135.38	53.73	56.49
0.21	-0.64	0.74	288.46	47.50	65.37
-0.18	-0.04	0.98	191.38	79.50	58.60
-0.42	0.73	0.53	119.78	32.34	74.63
0.42	0.89	0.18	64.55	10.22	17.80
0.26	0.88	0.39	73.69	23.10	24.94
-0.94	0.23	0.27	166.30	15.63	36.53
0.59	0.17	0.79	16.13	52.21	45.96
0.42	-0.80	0.42	297.66	24.91	59.93
0.42	-0.80	0.42	297.66	24.91	59.93
0.43	-0.89	0.15	295.70	8.91	43.04
0.67	0.71	0.23	46.81	13.13	35.69
0.86	0.20	0.47	13.05	27.72	71.02
0.21	0.76	0.62	74.66	38.08	38.79
0.81	0.58	0.09	35.33	4.99	48.78
0.08	-0.39	0.92	281.62	66.68	85.35
0.99	0.11	0.02	6.11	0.89	81.71
-0.84	-0.25	0.48	196.29	28.97	90.42
-0.54	0.72	0.43	126.73	25.55	52.36
0.41	-0.82	0.39	296.63	22.94	28.51
0.10	-0.99	0.02	275.63	1.20	70.19
-0.62	-0.68	0.41	227.70	23.90	65.74
-0.62	-0.68	0.41	227.70	23.90	65.74
0.98	0.14	0.13	7.86	7.72	21.76
0.77	0.61	0.18	38.47	10.52	83.83
0.77	0.61	0.18	38.47	10.52	83.83
-0.69	-0.71	0.13	226.00	7.45	43.79
-0.70	0.52	0.48	143.27	28.82	27.46
-0.28	0.60	0.75	115.18	48.63	22.07
-0.22	-0.89	0.40	256.23	23.28	51.03
0.54	0.50	0.67	42.93	42.16	78.83
0.54	-0.84	0.00	302.42	0.02	11.91
0.23	0.14	0.96	31.73	74.11	29.33
-0.22	0.88	0.43	104.19	25.23	62.60
-0.44	0.72	0.53	121.06	32.23	42.02
-1.00	0.06	0.03	176.74	1.81	77.15
-0.01	0.99	0.16	90.47	9.32	56.90
-0.63	-0.61	0.48	223.88	28.60	62.97
-0.77	-0.50	0.39	212.68	23.13	61.90
-0.31	0.86	0.40	109.89	23.45	40.35
0.86	-0.51	0.08	329.46	4.67	47.98
-0.40	-0.92	0.01	246.42	0.60	33.12
0.42	0.44	0.79	46.08	52.64	60.13
0.77	0.59	0.23	37.53	13.40	71.18
-0.25	0.71	0.66	109.27	41.49	63.51
-0.19	0.75	0.63	104.32	39.17	41.78
-0.65	-0.38	0.65	210.49	40.71	73.92
-0.60	-0.36	0.71	211.37	45.48	69.22
-0.79	-0.24	0.57	196.71	34.72	88.56
-0.94	0.33	0.06	160.57	3.39	43.85
0.97	0.05	0.24	2.84	13.98	53.50
-0.99	0.14	0.05	171.74	2.83	71.82
0.97	-0.22	0.08	347.53	4.63	68.44
0.73	-0.55	0.40	323.12	23.53	93.59
0.23	-0.95	0.23	283.63	13.07	55.24
0.48	0.68	0.55	54.67	33.04	20.36
-0.98	-0.05	0.20	182.64	11.52	37.66
-0.76	-0.58	0.30	217.27	17.59	37.60
0.79	0.39	0.48	26.30	28.52	80.05
-0.97	0.12	0.19	172.86	11.15	50.22
0.03	-0.99	0.10	271.62	5.76	47.19
0.39	0.57	0.72	55.62	45.92	16.38
0.73	-0.57	0.39	321.81	22.66	58.70
0.38	-0.12	0.92	343.06	66.40	43.49
0.19	0.88	0.44	77.88	26.07	52.38
0.96	-0.27	0.05	344.19	2.80	21.04
-0.68	0.67	0.30	135.13	17.70	25.98
0.05	0.82	0.58	86.63	35.22	44.11
-0.52	-0.14	0.84	195.28	57.15	46.46
-0.34	0.76	0.55	113.84	33.27	67.72
0.36	0.56	0.75	57.64	48.22	61.57
0.82	-0.47	0.32	330.39	18.92	100.24
-0.70	0.71	0.06	134.31	3.68	33.43
-0.23	0.75	0.62	107.27	37.96	44.25
-0.16	0.86	0.48	100.43	28.69	74.48
-0.73	0.54	0.42	143.71	24.69	25.58
-0.51	0.86	0.05	120.60	3.00	31.94
0.52	-0.48	0.71	317.74	45.03	103.39
0.89	0.35	0.29	21.25	16.99	81.51
0.58	0.80	0.16	53.73	9.17	76.94
0.64	0.68	0.35	46.52	20.56	58.84
0.78	0.45	0.44	29.63	25.81	70.65
0.94	-0.28	0.20	343.64	11.34	70.90
0.94	-0.28	0.20	343.64	11.34	70.90
0.38	0.92	0.08	67.54	4.37	31.23
0.38	0.92	0.08	67.54	4.37	31.23
-0.78	-0.21	0.59	195.04	36.15	19.91
0.23	0.84	0.49	74.59	29.28	13.05
-0.31	0.78	0.55	111.49	33.38	83.03
-0.31	0.78	0.55	111.49	33.38	83.03
-1.00	0.04	0.01	177.56	0.36	85.81
0.16	-0.92	0.36	279.98	21.05	52.94
0.16	-0.92	0.36	279.98	21.05	52.94
-0.84	0.53	0.13	147.93	7.42	44.45
0.56	0.21	0.80	20.92	53.43	10.18
-0.38	0.35	0.86	137.38	59.12	48.90
-0.81	-0.05	0.58	183.45	35.53	14.52
-0.35	0.94	0.01	110.19	0.81	57.10
0.73	0.29	0.63	21.49	38.77	75.51
0.08	-0.96	0.28	274.80	16.54	46.79
0.87	-0.33	0.36	339.03	20.98	92.43
-0.50	-0.36	0.79	215.50	51.86	21.67
0.00	-0.78	0.62	270.27	38.62	14.72
0.75	0.38	0.55	27.21	33.04	45.30
-0.47	0.07	0.88	170.98	61.47	51.41
0.00	0.96	0.27	89.87	15.40	40.67
0.99	0.12	0.09	7.09	5.07	71.43
0.05	-0.96	0.26	273.07	15.05	84.20
0.65	0.67	0.35	45.67	20.66	34.68
-0.72	-0.20	0.66	195.57	41.68	65.31
0.10	-0.92	0.38	276.35	22.23	24.72
-0.33	0.79	0.51	112.78	30.99	43.32
-0.30	-0.94	0.15	252.45	8.58	47.61
0.19	0.77	0.60	76.07	37.13	70.16
0.77	-0.64	0.02	320.20	1.00	44.20
-0.27	0.86	0.44	107.55	25.83	53.39
-0.34	0.92	0.18	109.97	10.54	61.78
0.52	-0.60	0.61	310.86	37.70	112.01
-0.23	0.96	0.13	103.50	7.42	56.65
0.99	-0.12	0.03	353.27	1.96	65.98
-0.78	0.02	0.63	178.46	38.87	73.51
0.84	-0.51	0.18	328.99	10.23	17.21
0.90	-0.25	0.37	344.31	21.52	73.81
0.84	0.42	0.34	26.42	19.60	10.77
0.13	0.66	0.74	78.63	47.39	61.46
-0.13	0.90	0.41	98.41	23.94	35.36
-0.30	0.91	0.28	108.32	16.48	23.73
-0.30	0.91	0.28	108.32	16.48	23.73
0.65	-0.70	0.31	312.70	17.76	73.15
-0.00	-1.00	0.04	269.77	2.40	32.48
-0.00	-1.00	0.04	269.77	2.40	32.48
-0.92	0.38	0.12	157.21	6.85	81.39
-0.16	0.95	0.25	99.31	14.69	60.66
-0.39	0.89	0.24	113.58	14.06	64.89
-0.77	0.06	0.64	175.65	39.44	46.33
-0.78	-0.53	0.32	214.26	18.95	73.40
-0.16	0.75	0.65	102.18	40.33	38.81
-0.91	0.25	0.33	164.90	19.05	64.86
0.06	-0.20	0.98	287.81	78.12	54.40
-0.92	0.38	0.12	157.21	6.85	81.39
-0.92	0.38	0.12	157.21	6.85	81.39
-0.98	-0.06	0.19	183.78	11.20	14.80
-0.65	-0.60	0.47	222.95	27.92	22.53
1.00	-0.02	0.07	359.01	3.96	78.17
-0.09	0.99	0.09	95.22	5.33	54.67
0.25	-0.94	0.23	284.97	13.06	67.40
0.12	-0.67	0.73	280.47	46.72	38.75
0.35	-0.35	0.87	315.07	60.53	39.98
0.35	-0.35	0.87	315.07	60.53	39.98
0.40	0.68	0.62	59.55	38.23	87.59
0.40	0.68	0.62	59.55	38.23	87.59
0.66	-0.72	0.23	312.69	13.33	32.18
0.85	0.17	0.49	11.15	29.51	34.71
0.00	-0.77	0.63	270.09	39.37	44.29
-0.72	0.69	0.11	136.18	6.46	27.05
0.35	0.93	0.07	69.16	4.09	9.42
-0.23	0.59	0.77	111.37	50.65	33.07
0.82	0.52	0.24	32.38	13.89	48.82
-0.28	0.91	0.31	106.89	18.36	74.10
0.67	0.22	0.71	18.33	45.23	62.20
0.06	0.57	0.82	83.88	54.95	12.73
0.06	0.57	0.82	83.88	54.95	12.73
-0.91	0.13	0.38	171.78	22.63	59.56
0.65	0.59	0.49	42.40	29.12	35.86
-0.42	0.90	0.07	114.86	4.17	68.85
0.48	-0.66	0.58	305.85	35.18	20.01
-0.48	0.83	0.30	120.04	17.41	55.05
0.95	0.09	0.29	5.24	16.87	20.09
0.22	0.43	0.88	63.43	61.10	88.89
0.48	0.50	0.72	46.38	46.11	80.29
-0.26	0.28	0.92	132.72	67.44	30.92
-0.77	-0.51	0.38	213.62	22.22	53.05
0.59	-0.02	0.81	358.29	53.95	38.67
0.14	0.07	0.99	25.41	81.24	25.70
0.64	-0.71	0.31	312.10	17.91	72.26
0.30	0.94	0.15	72.19	8.90	48.81
0.45	0.80	0.39	60.50	23.23	52.78
-0.92	0.28	0.29	163.24	16.64	35.98
0.51	0.64	0.57	51.27	34.64	21.60
0.44	0.51	0.73	49.19	47.21	70.33
0.97	-0.21	0.09	347.57	5.27	66.32
0.55	0.47	0.70	40.63	44.07	61.15
-0.98	0.19	0.05	168.96	2.87	61.04
-0.50	0.85	0.15	120.16	8.68	47.42
0.79	-0.57	0.25	324.24	14.37	39.89
0.58	0.75	0.32	52.40	18.43	61.14
-0.42	0.57	0.71	126.51	44.85	74.56
-0.41	0.79	0.46	117.34	27.13	59.81
0.48	0.64	0.60	53.01	37.15	62.40
0.97	0.17	0.17	9.99	9.58	60.04
0.97	0.17	0.17	9.99	9.58	60.04
0.98	-0.00	0.18	359.88	10.09	84.18
-0.01	0.85	0.52	90.51	31.62	76.06
-0.67	0.74	0.09	132.28	4.97	25.08
-0.67	0.74	0.09	132.28	4.97	25.08
1.00	0.06	0.06	3.29	3.16	74.27
-0.91	0.06	0.42	176.13	24.54	54.43
0.37	0.37	0.86	44.86	58.80	50.49
0.47	-0.20	0.86	336.95	59.26	40.59
-0.88	0.33	0.32	159.29	18.92	83.13
0.64	-0.50	0.58	321.81	35.73	16.39
-0.90	0.16	0.42	169.87	24.52	75.26
-0.91	0.25	0.34	164.34	19.64	64.09
-0.15	-0.65	0.75	257.33	48.43	57.94
-0.58	0.45	0.68	141.69	42.83	18.56
-0.19	-0.89	0.42	258.24	24.75	24.83
-0.19	-0.89	0.42	258.24	24.75	24.83
-0.14	-0.07	0.99	205.93	81.09	37.85
-0.36	0.69	0.63	117.28	39.02	25.08
0.07	0.06	1.00	40.14	84.44	52.25
0.99	0.08	0.13	4.75	7.27	55.91
0.17	-0.57	0.80	286.78	53.41	19.20
-0.26	-0.27	0.93	225.55	68.14	44.79
0.26	-0.53	0.81	296.27	54.11	55.72
0.84	0.01	0.54	0.45	32.48	22.35
0.67	-0.60	0.43	318.48	25.74	13.24
-0.87	-0.01	0.49	180.46	29.37	28.96
-0.44	0.39	0.81	138.40	54.13	37.20
-0.89	-0.05	0.45	182.92	26.91	57.11
0.93	-0.32	0.17	341.06	10.06	46.17
0.98	0.03	0.17	1.63	9.99	85.53
-0.86	-0.31	0.41	200.18	24.32	88.48
-0.22	0.45	0.87	115.92	60.28	73.92
0.72	-0.40	0.57	330.79	34.81	69.37
0.17	-0.67	0.72	284.15	45.94	34.05
-0.01	-0.89	0.46	269.55	27.29	49.58
-0.04	-0.28	0.96	260.89	73.53	71.90
0.77	-0.22	0.60	344.07	36.75	85.89
0.77	-0.22	0.60	344.07	36.75	85.89
0.57	-0.82	0.00	304.77	0.17	30.79
0.57	-0.82	0.00	304.77	0.17	30.79
0.76	-0.03	0.65	357.66	40.28	61.45
0.64	0.40	0.66	31.95	41.09	13.58
0.98	-0.13	0.15	352.44	8.57	74.53
-0.17	0.96	0.24	99.91	13.79	19.87
0.98	0.05	0.21	3.18	12.26	41.99
0.93	0.33	0.19	19.52	10.82	33.72
-0.89	0.11	0.45	172.87	26.75	26.34
1.00	-0.01	0.03	359.55	1.91	81.82
0.82	-0.57	0.04	325.39	2.38	30.14
-0.73	0.64	0.23	138.93	13.36	50.40
-0.51	0.80	0.31	122.26	17.89	86.72
-0.98	0.05	0.17	176.87	9.68	81.43
-0.98	0.05	0.17	176.87	9.68	81.43
-0.76	0.27	0.59	160.42	36.31	25.95
0.92	-0.01	0.39	359.37	22.67	64.16
0.11	0.76	0.64	81.81	39.57	10.95
-0.95	-0.23	0.19	193.73	11.03	28.67
0.22	-0.03	0.98	351.24	77.25	41.36
0.22	-0.03	0.98	351.24	77.25	41.36
0.22	-0.03	0.98	351.24	77.25	41.36
-0.47	0.14	0.87	163.05	60.91	44.56
0.51	0.51	0.69	44.64	43.84	43.35
0.85	0.13	0.51	8.93	30.82	89.42
0.82	0.43	0.38	28.04	22.49	40.03
0.69	0.69	0.21	44.79	12.14	9.96
-0.59	0.73	0.35	129.19	20.29	51.11
-0.76	0.62	0.20	140.83	11.32	34.51
-0.71	0.44	0.55	147.96	33.66	66.61
0.58	0.80	0.16	53.73	9.17	76.94
0.15	0.88	0.44	80.38	26.23	49.43
0.50	0.79	0.36	57.73	20.85	30.37
-0.03	0.95	0.30	91.80	17.23	46.42
-0.79	-0.50	0.35	212.32	20.51	48.11
-0.94	-0.13	0.30	187.77	17.56	42.33
0.58	0.61	0.54	46.42	32.88	71.90
-0.96	0.27	0.10	164.56	5.47	56.74
-0.75	0.17	0.64	167.63	39.59	47.10
0.20	-0.66	0.73	286.83	46.77	27.63
0.46	0.50	0.73	47.45	46.77	50.39
0.85	0.07	0.52	4.38	31.39	76.88
-0.11	-0.96	0.24	263.45	14.08	74.81
-0.26	-0.49	0.83	242.66	56.22	61.16
-0.26	-0.49	0.83	242.66	56.22	61.16
0.00	-0.93	0.38	270.11	22.15	71.11
0.97	-0.04	0.26	357.70	14.90	71.55
-0.77	0.56	0.30	143.62	17.75	11.52
0.56	-0.70	0.44	308.62	26.25	25.18
0.87	-0.07	0.49	355.72	29.34	65.59
-0.62	-0.59	0.51	223.61	30.97	36.60
0.84	0.16	0.51	10.97	30.93	57.60
0.95	-0.13	0.29	352.34	16.63	69.34
-0.63	0.38	0.68	149.23	42.50	46.54
-0.97	0.21	0.10	167.79	5.64	63.49
0.22	0.63	0.74	70.61	47.98	54.49
-0.95	0.26	0.18	164.58	10.40	65.22
0.71	-0.50	0.49	324.84	29.67	82.68
0.92	-0.37	0.12	338.35	6.78	77.24
-0.05	-0.79	0.61	266.64	37.73	26.74
0.73	-0.28	0.62	338.84	38.12	10.82
0.03	0.89	0.45	87.93	26.75	31.12
-0.02	0.94	0.35	91.32	20.64	50.45
0.97	-0.23	0.01	346.41	0.42	53.81
0.63	-0.48	0.61	323.18	37.52	48.40
-0.99	-0.08	0.12	184.38	7.01	72.07
0.21	0.80	0.57	75.12	34.64	50.68
0.68	0.23	0.70	18.58	44.31	49.72
0.75	-0.20	0.63	345.06	39.16	30.69
0.75	-0.20	0.63	345.06	39.16	30.69
0.33	-0.45	0.83	306.33	56.35	97.93
0.37	-0.90	0.25	292.28	14.42	41.93
0.36	-0.28	0.89	322.03	62.69	76.94
-0.63	0.19	0.75	163.64	48.92	20.56
-0.82	0.20	0.53	166.43	32.23	27.05
-0.82	0.20	0.53	166.43	32.23	27.05
0.74	-0.42	0.53	330.12	31.93	16.37
-0.27	0.63	0.73	113.08	46.73	73.65
0.20	0.24	0.95	50.77	71.59	38.22
-0.97	-0.19	0.17	191.25	9.92	56.61
-0.96	-0.09	0.26	185.37	15.24	64.99
-0.62	-0.63	0.46	225.55	27.38	23.91
-0.89	-0.01	0.46	180.69	27.39	36.25
-0.84	0.47	0.26	150.68	14.93	28.01
-0.67	0.58	0.46	139.46	27.36	10.99
0.98	-0.14	0.16	352.11	9.39	76.20
0.41	0.89	0.21	65.19	11.97	18.93
0.12	-0.48	0.87	284.31	60.26	51.38
0.12	-0.48	0.87	284.31	60.26	51.38
0.75	-0.46	0.47	328.58	28.36	11.69
0.06	0.84	0.53	85.86	32.32	50.84
0.25	0.10	0.96	22.12	74.34	27.78
-0.86	0.31	0.40	160.07	23.44	83.14
0.80	-0.35	0.50	336.47	29.74	42.49
-0.43	0.67	0.61	123.07	37.27	45.69
0.94	-0.35	0.03	339.34	1.84	86.04
0.33	0.94	0.03	70.62	1.61	37.36
0.87	-0.50	0.02	330.09	1.19	48.16
0.45	0.66	0.60	56.00	36.74	61.15
0.45	0.66	0.60	56.00	36.74	61.15
-0.74	-0.28	0.61	200.39	37.61	30.42
-0.41	0.78	0.47	117.86	27.76	56.51
-0.41	0.78	0.47	117.86	27.76	56.51
0.64	-0.69	0.34	312.52	19.92	64.94
0.92	0.02	0.39	1.50	22.74	48.40
-0.29	0.81	0.50	109.36	30.30	50.09
-0.80	0.02	0.60	178.65	37.07	34.32
-0.64	0.60	0.47	136.97	28.15	74.26
0.67	0.43	0.61	32.78	37.29	61.97
0.47	-0.72	0.51	302.96	30.78	30.97
0.16	0.78	0.61	78.51	37.60	33.32
0.47	0.50	0.72	46.57	46.35	90.85
-0.42	0.62	0.66	124.35	41.54	39.51
0.95	-0.24	0.22	345.48	12.44	29.83
0.67	0.43	0.61	32.78	37.29	61.97
0.79	0.45	0.42	30.01	24.74	39.92
0.99	-0.08	0.13	355.49	7.42	51.88
-0.56	-0.34	0.75	211.42	48.91	42.83
-0.64	-0.42	0.64	213.58	40.02	65.35
-0.64	-0.42	0.64	213.58	40.02	65.35
0.19	0.84	0.51	77.07	30.52	74.25
-0.25	-0.13	0.96	207.96	73.50	41.77
0.58	0.09	0.81	8.53	54.16	28.97
-0.08	-0.74	0.66	263.94	41.62	39.56
-0.91	0.03	0.41	178.13	24.46	53.07
-0.05	1.00	0.01	92.96	0.81	70.40
0.15	-0.71	0.69	281.61	43.44	38.48
0.77	0.04	0.64	3.30	39.59	62.83
-0.01	-0.58	0.81	268.65	54.21	48.98
-0.96	-0.11	0.27	186.80	15.81	75.98
0.14	0.53	0.83	74.92	56.43	34.16
0.17	-0.05	0.98	342.10	79.72	68.97
0.33	0.94	0.03	70.62	1.61	37.36
-0.01	1.00	0.05	90.80	2.87	33.83
0.86	0.32	0.40	20.52	23.33	72.63
0.12	-0.98	0.13	276.89	7.21	36.50
0.73	-0.54	0.41	323.65	24.14	91.37
-0.87	0.49	0.02	150.75	0.90	22.02
0.35	-0.23	0.91	326.40	65.07	63.45
-0.70	-0.59	0.41	220.49	23.91	63.75
-0.85	0.21	0.49	166.04	29.15	65.54
0.51	0.83	0.23	58.20	13.03	27.76
0.71	-0.70	0.11	315.28	6.51	28.91
0.80	-0.40	0.45	333.10	26.67	64.65
-0.70	-0.56	0.44	218.45	25.98	74.50
-0.82	-0.33	0.47	201.57	27.78	11.20
-0.72	-0.29	0.63	201.79	39.32	76.62
-0.72	-0.29	0.63	201.79	39.32	76.62
0.11	0.05	0.99	24.25	83.35	25.62
0.96	-0.17	0.24	350.17	13.67	35.74
0.07	-0.96	0.27	273.89	15.55	89.90
-0.71	0.70	0.07	135.66	4.01	62.70
-0.55	0.83	0.00	123.46	0.01	21.14
-0.96	-0.02	0.28	181.02	16.07	43.03
-0.07	0.10	0.99	125.75	83.21	21.04
-0.32	-0.38	0.87	230.61	60.12	22.45
-0.52	-0.56	0.64	226.82	40.06	36.07
-0.26	-0.57	0.78	245.60	51.32	39.69
0.98	-0.17	0.10	350.43	5.87	52.28
-0.93	0.01	0.38	179.21	22.03	72.76
0.47	-0.63	0.62	307.06	38.36	42.64
0.05	0.77	0.64	86.64	39.69	37.88
-0.73	0.49	0.47	146.08	28.28	60.15
-0.66	0.34	0.66	152.62	41.68	41.81
-0.66	0.34	0.66	152.62	41.68	41.81
0.26	-0.96	0.09	285.11	5.41	88.28
0.80	0.20	0.57	13.85	34.68	28.82
-0.53	0.84	0.06	122.39	3.72	32.28
-0.53	0.84	0.06	122.39	3.72	32.28
-0.73	-0.65	0.21	221.62	12.39	40.80
0.51	0.86	0.03	59.39	1.58	33.07
-0.91	0.27	0.32	163.37	18.58	17.89
-0.91	0.27	0.32	163.37	18.58	17.89
-0.93	-0.15	0.32	189.20	18.72	52.55
0.87	-0.04	0.49	357.69	29.05	43.04
0.87	-0.04	0.49	357.69	29.05	43.04
-0.91	-0.34	0.22	200.25	12.89	77.95
0.99	0.13	0.06	7.74	3.21	78.71
0.50	0.21	0.84	23.18	57.06	38.70
-0.50	-0.82	0.29	238.76	16.57	73.59
0.08	0.84	0.54	84.48	32.65	84.22
-0.80	-0.23	0.55	195.98	33.42	57.31
-0.60	-0.49	0.63	218.97	38.94	34.51
0.81	-0.04	0.58	357.32	35.34	56.13
-0.53	-0.46	0.71	220.92	45.00	55.57
-0.91	-0.42	0.06	204.85	3.29	27.69
-0.68	0.37	0.63	151.71	39.00	21.95
0.88	-0.10	0.47	353.74	28.13	40.92
-0.24	-0.57	0.78	247.55	51.54	41.15
-0.08	-0.03	1.00	202.38	84.77	53.58
0.12	-0.05	0.99	335.55	82.69	48.34
-0.81	0.50	0.30	148.32	17.59	44.29
0.14	-0.33	0.93	293.30	68.93	70.17
0.39	-0.02	0.92	357.75	67.27	21.03
0.99	-0.04	0.12	357.53	7.17	62.85
0.30	-0.84	0.45	289.62	27.02	59.40
0.87	-0.50	0.00	330.13	0.24	41.32
0.60	0.55	0.59	42.47	35.82	23.07
-0.53	0.02	0.85	178.19	57.97	61.28
0.44	0.83	0.33	62.14	19.31	72.67
0.44	0.83	0.33	62.14	19.31	72.67
0.75	0.41	0.51	28.80	30.65	53.25
-0.21	-0.69	0.69	252.90	43.96	44.57
0.92	0.39	0.09	23.26	5.03	46.59
0.76	0.40	0.52	27.50	31.10	32.28
0.76	0.40	0.52	27.50	31.10	32.28
0.08	0.29	0.96	75.12	72.79	41.05
-0.67	0.64	0.37	136.32	21.54	40.75
-0.25	-0.10	0.96	202.01	74.26	72.38
0.99	0.00	0.14	0.12	8.14	85.31
-0.01	0.52	0.85	90.86	58.69	29.33
-0.80	0.25	0.54	162.65	33.02	31.38
-0.27	-0.62	0.73	246.68	47.21	11.26
-0.53	0.00	0.85	179.91	57.94	28.31
-0.76	0.38	0.53	153.80	31.71	71.62
-0.76	0.38	0.53	153.80	31.71	71.62
0.62	0.16	0.77	14.56	49.93	55.88
0.62	0.16	0.77	14.56	49.93	55.88
0.83	-0.54	0.15	326.83	8.52	78.90
0.63	-0.74	0.24	310.44	14.14	83.15
-0.53	-0.51	0.68	223.86	42.92	45.15
0.90	-0.20	0.39	347.29	23.08	46.65
0.28	0.48	0.83	59.17	56.37	36.11
0.58	0.64	0.50	47.80	29.94	16.86
0.49	0.86	0.16	60.16	8.99	26.76
-0.69	-0.71	0.15	225.64	8.76	26.14
0.13	-0.26	0.96	296.11	73.31	30.57
-0.92	-0.05	0.38	183.34	22.19	74.78
0.80	-0.41	0.45	332.89	26.54	41.85
-0.97	-0.15	0.19	188.82	11.11	22.40
0.46	0.77	0.45	58.91	26.57	50.07
-0.30	0.92	0.27	107.95	15.37	42.06
0.33	0.62	0.71	61.82	44.89	91.02
-0.04	-0.06	1.00	236.05	86.10	29.71
0.82	-0.30	0.48	340.14	28.87	27.87
0.49	0.86	0.16	60.16	8.99	26.76
0.99	0.02	0.16	0.94	8.93	37.78
0.05	-0.87	0.49	273.57	29.31	31.29
0.86	0.10	0.50	6.61	30.14	51.06
0.00	0.59	0.81	89.88	53.79	45.78
0.39	0.22	0.89	29.68	63.43	27.44
-0.40	0.46	0.79	131.57	52.41	53.39
-0.37	0.88	0.31	113.11	17.80	35.13
0.62	0.37	0.69	30.66	43.51	20.94
-0.09	0.31	0.94	106.75	70.87	39.13
-0.89	-0.08	0.46	185.26	27.14	28.26
-0.99	-0.14	0.10	187.81	5.66	62.75
0.30	-0.30	0.90	315.33	64.67	76.23
0.85	-0.53	0.02	327.98	1.16	76.39
0.18	0.83	0.53	77.62	32.22	72.33
-0.21	0.86	0.47	103.76	27.82	77.35
0.29	-0.96	0.01	286.96	0.49	62.34
0.80	0.27	0.54	18.54	32.36	47.89
0.65	0.70	0.31	47.04	18.21	49.58
0.97	-0.23	0.07	346.95	3.94	17.13
0.15	-0.14	0.98	318.52	78.16	70.40
0.85	-0.52	0.10	328.46	5.73	24.47
0.24	0.51	0.83	64.86	55.74	18.18
0.24	0.51	0.83	64.86	55.74	18.18
0.58	-0.77	0.25	307.02	14.54	60.87
0.69	-0.18	0.70	345.33	44.53	73.73
-0.58	-0.63	0.51	227.40	30.89	10.63
-0.18	0.81	0.56	102.57	33.96	59.03
-0.96	-0.24	0.15	194.21	8.41	31.18
0.97	-0.15	0.20	350.93	11.83	61.09
0.46	0.79	0.40	59.84	23.71	65.51
0.75	0.39	0.53	27.27	32.31	57.21
-0.65	0.68	0.33	133.83	19.17	28.05
-0.19	-0.98	0.09	258.81	5.40	20.27
0.96	0.29	0.03	17.12	1.44	35.86
0.96	0.29	0.03	17.12	1.44	35.86
0.27	0.72	0.64	69.82	39.73	43.37
-0.21	0.94	0.26	102.72	14.99	29.34
0.91	0.32	0.28	19.49	16.19	39.97
-0.18	0.17	0.97	136.73	75.94	47.90
-0.88	0.47	0.02	151.74	1.29	69.71
-0.88	0.47	0.02	151.74	1.29	69.71
0.99	0.14	0.03	8.19	1.97	75.93
0.20	-0.66	0.72	286.84	46.33	69.29
0.79	0.45	0.41	29.41	24.28	15.77
-0.62	0.79	0.04	128.18	2.46	69.64
-0.40	0.40	0.82	134.92	55.48	87.76
0.97	0.19	0.13	10.99	7.41	60.78
0.57	0.10	0.82	9.61	54.61	62.34
-0.88	-0.14	0.46	188.85	27.22	75.69
-0.93	-0.18	0.33	190.72	19.51	78.06
-0.73	0.51	0.46	145.32	27.17	15.89
-0.63	-0.49	0.60	218.02	36.90	77.92
0.71	0.49	0.51	35.03	30.43	38.24
0.91	0.35	0.20	21.11	11.66	41.80
-0.18	0.96	0.19	100.67	11.01	32.71
0.52	0.33	0.79	31.92	51.89	39.48
-0.97	-0.23	0.06	193.19	3.23	47.88
0.86	0.33	0.39	20.75	22.85	46.13
0.89	0.00	0.45	0.20	26.56	51.20
-0.77	0.11	0.63	172.18	39.23	18.81
-0.26	0.69	0.67	110.28	42.27	22.70
-0.26	0.69	0.67	110.28	42.27	22.70
-0.57	-0.75	0.33	232.96	19.20	8.92
-0.57	-0.75	0.33	232.96	19.20	8.92
0.31	-0.87	0.39	289.91	23.05	22.08
0.91	0.06	0.40	3.72	23.62	50.90
0.42	0.55	0.72	52.76	46.30	46.75
0.55	0.79	0.27	54.97	15.59	13.07
0.15	-0.51	0.85	286.19	57.80	39.92
0.75	-0.45	0.48	328.82	28.58	47.58
-0.84	-0.12	0.52	188.16	31.53	6.33
0.44	0.67	0.60	56.81	37.15	65.26
0.65	0.32	0.69	26.49	43.86	19.10
0.46	-0.89	0.03	297.54	1.78	44.44
-0.70	0.71	0.10	134.67	5.60	55.05
-0.70	0.71	0.10	134.67	5.60	55.05
0.45	0.37	0.81	39.53	53.98	56.19
0.41	0.72	0.56	60.01	34.27	75.81
0.41	0.72	0.56	60.01	34.27	75.81
0.22	-0.94	0.25	282.99	14.71	40.81
0.51	-0.49	0.71	316.24	45.12	49.62
0.36	0.34	0.87	43.22	60.36	18.73
0.06	1.00	0.00	86.40	0.26	69.18
0.82	-0.26	0.51	342.67	30.49	74.35
0.02	0.69	0.73	88.54	46.61	71.02
0.74	0.38	0.56	27.16	34.13	33.55
0.53	-0.68	0.50	307.80	30.13	60.18
-0.04	1.00	0.06	92.11	3.59	18.35
0.55	-0.74	0.38	306.73	22.28	86.16
0.23	0.37	0.90	58.56	64.20	33.95
-0.22	0.34	0.91	123.48	66.07	25.10
-0.37	-0.36	0.85	224.35	58.68	56.87
-0.62	-0.66	0.43	226.78	25.63	75.35
0.94	0.31	0.13	17.99	7.56	46.64
0.24	0.65	0.72	69.32	46.14	93.41
-0.36	-0.92	0.16	248.42	8.97	30.57
-0.40	-0.87	0.27	245.26	15.92	40.17
-0.65	0.46	0.61	144.36	37.39	82.96
-0.65	0.46	0.61	144.36	37.39	82.96
-0.98	-0.22	0.00	192.75	0.07	77.68
-0.71	0.69	0.13	136.11	7.28	63.70
-0.95	0.01	0.30	179.17	17.40	73.73
-0.94	-0.14	0.32	188.71	18.63	80.17
-0.94	-0.14	0.32	188.71	18.63	80.17
-0.06	-0.40	0.91	261.63	66.00	36.70
-0.09	0.71	0.70	97.32	44.16	22.43
0.86	0.37	0.35	23.02	20.58	53.28
-0.93	-0.31	0.21	198.52	12.11	35.72
0.45	0.55	0.70	50.71	44.61	55.25
0.79	0.21	0.58	15.22	35.12	68.47
0.47	-0.85	0.24	298.93	13.68	55.15
-0.47	0.57	0.68	129.43	42.66	59.84
-0.81	-0.52	0.29	212.62	17.11	26.62
-0.66	0.37	0.65	150.83	40.80	12.28
-0.93	-0.31	0.21	198.52	12.11	35.72
0.25	0.66	0.71	69.14	45.25	40.34
-0.58	0.53	0.62	137.81	38.30	45.00
0.05	1.00	0.08	87.41	4.35	35.56
0.05	1.00	0.08	87.41	4.35	35.56
0.69	-0.43	0.58	328.33	35.74	45.20
-0.84	0.00	0.54	179.89	32.72	37.45
-0.33	0.28	0.90	139.98	64.14	10.93
0.10	0.98	0.16	84.34	8.94	72.73
0.10	0.98	0.16	84.34	8.94	72.73
0.21	0.27	0.94	53.16	69.94	30.54
-0.60	-0.10	0.80	189.70	52.82	40.04
0.23	0.59	0.77	68.25	50.75	101.80
-0.78	-0.34	0.53	203.73	31.70	91.65
-0.99	-0.13	0.02	187.68	1.42	72.05
-0.67	-0.28	0.69	202.65	43.58	61.10
-0.05	0.78	0.62	93.59	38.46	74.93
0.03	0.70	0.71	87.36	45.61	23.93
0.34	-0.76	0.55	294.06	33.17	99.29
0.19	-0.97	0.15	281.00	8.55	35.43
-0.13	-0.71	0.69	259.81	43.94	106.74
0.67	-0.56	0.49	320.24	29.41	54.61
0.25	-0.30	0.92	309.78	67.09	91.16
-0.90	0.44	0.06	154.07	3.29	54.27
-0.59	0.70	0.40	129.82	23.68	61.41
-0.60	-0.80	0.05	233.13	2.94	44.44
0.77	-0.01	0.64	359.43	39.78	69.53
0.77	-0.01	0.64	359.43	39.78	69.53
0.35	-0.80	0.48	293.52	28.90	40.85
-0.23	-0.13	0.96	210.11	74.52	57.26
0.85	-0.04	0.52	357.13	31.43	71.42
-0.31	-0.85	0.43	250.13	25.67	60.83
0.63	-0.67	0.39	313.48	22.73	60.57
0.92	-0.33	0.20	340.40	11.25	80.18
0.81	0.33	0.49	22.12	29.53	45.86
0.01	0.68	0.73	89.05	47.05	109.30
0.01	0.68	0.73	89.05	47.05	109.30
0.31	0.59	0.74	62.37	47.90	36.77
0.74	-0.64	0.21	318.78	12.01	77.04
0.86	0.40	0.32	24.93	18.36	22.54
1.00	0.02	0.05	1.42	2.64	87.65
-0.95	0.12	0.27	172.97	15.82	24.18
0.98	0.15	0.10	8.60	5.52	65.41
-0.05	0.78	0.62	93.59	38.46	74.93
-0.00	-0.09	1.00	267.95	84.57	47.98
-0.04	-0.83	0.55	267.00	33.53	40.42
0.54	-0.19	0.82	340.32	54.77	58.63
0.79	-0.42	0.45	331.66	26.53	77.47
-0.99	-0.12	0.09	186.89	4.90	78.16
-0.82	0.43	0.37	152.22	21.61	50.58
-0.96	0.14	0.25	171.76	14.21	68.61
-0.54	0.75	0.37	125.77	21.94	34.47
0.11	-0.05	0.99	336.60	83.41	41.20
-0.47	0.72	0.51	122.98	30.92	45.55
-0.02	0.94	0.34	91.50	19.92	20.14
0.43	-0.73	0.52	300.65	31.51	20.53
0.38	0.46	0.80	50.55	53.52	65.04
-0.68	0.73	0.07	132.90	4.18	73.17
0.58	-0.73	0.37	308.64	21.53	10.70
0.68	0.65	0.35	43.71	20.46	58.67
0.96	-0.09	0.27	354.36	15.59	59.95
-0.42	-0.59	0.69	234.34	43.33	29.16
0.23	-0.53	0.81	293.65	54.32	43.17
-0.59	0.51	0.63	139.36	39.06	60.38
0.32	0.30	0.90	43.15	63.93	55.37
-0.68	0.43	0.60	147.76	36.79	92.04
0.04	-0.99	0.16	272.23	9.16	30.26
0.54	0.48	0.69	41.69	43.38	64.55
-0.58	0.72	0.36	128.92	21.39	59.64
0.00	-0.53	0.85	270.16	58.20	105.00
0.99	0.13	0.09	7.25	5.28	24.97
0.20	0.55	0.81	69.91	54.42	5.81
-0.62	0.39	0.68	147.97	42.86	94.90
-0.30	-0.12	0.95	201.95	70.93	66.87
0.04	-0.17	0.98	282.30	79.85	69.89
0.19	0.09	0.98	25.05	77.72	65.07
-0.33	0.43	0.84	127.76	57.34	39.55
0.49	0.37	0.79	37.57	52.19	71.78
-0.65	-0.75	0.15	229.22	8.77	41.73
-0.68	-0.11	0.72	189.04	46.11	33.16
0.37	0.56	0.74	56.78	47.69	50.39
-0.99	-0.12	0.01	187.08	0.46	57.24
-0.73	0.17	0.66	166.72	41.52	25.15
0.56	-0.39	0.73	325.14	46.97	63.13
0.84	-0.51	0.19	328.75	11.08	16.68
0.51	0.86	0.04	59.07	2.41	31.56
-0.70	0.49	0.52	145.13	31.03	52.61
0.24	-0.81	0.53	286.19	32.12	66.66
-0.53	0.60	0.59	131.48	36.34	63.97
0.89	0.06	0.45	3.87	26.54	28.53
0.22	0.01	0.97	1.58	77.13	30.68
0.33	-0.42	0.84	308.69	57.65	50.44
0.13	0.66	0.74	78.40	47.90	51.37
0.90	-0.39	0.17	336.48	10.03	89.40
0.41	-0.68	0.61	301.17	37.64	72.81
0.41	-0.68	0.61	301.17	37.64	72.81
-0.24	0.91	0.32	104.98	18.76	24.16
-0.24	0.91	0.32	104.98	18.76	24.16
0.33	-0.33	0.88	314.25	62.16	59.51
0.43	0.04	0.90	5.86	64.30	43.45
-0.23	0.61	0.76	110.47	49.57	65.61
-0.59	0.49	0.65	140.20	40.31	72.53
0.42	-0.90	0.09	294.72	4.95	54.75
0.62	0.75	0.24	50.67	13.61	23.52
-0.01	0.92	0.38	90.55	22.47	39.77
0.21	-0.98	0.06	282.26	3.16	20.06
0.25	-0.87	0.42	286.29	25.05	88.77
-0.65	-0.07	0.75	186.31	49.01	26.20
0.12	-0.32	0.94	290.76	70.23	54.89
-0.92	0.38	0.09	157.28	5.23	56.41
-0.55	0.55	0.62	135.02	38.53	68.04
0.11	-0.42	0.90	284.13	64.34	57.47
0.31	0.43	0.85	53.92	58.20	56.97
-0.46	-0.64	0.61	233.95	37.81	78.06
-0.47	-0.62	0.63	232.64	39.20	107.11
-0.85	0.03	0.52	177.76	31.36	70.53
-0.79	0.16	0.59	168.46	36.08	62.72
0.92	0.17	0.35	10.33	20.56	5.58
-0.76	-0.29	0.58	201.18	35.59	92.71
0.57	0.52	0.64	42.56	39.47	59.53
-0.52	-0.83	0.20	238.02	11.54	5.80
0.62	-0.76	0.20	309.28	11.49	17.80
0.64	0.64	0.43	44.97	25.34	62.27
0.23	-0.53	0.81	293.65	54.32	43.17
0.42	-0.85	0.33	296.38	19.33	46.54
-0.06	-0.86	0.51	265.66	30.86	53.90
0.35	0.73	0.58	64.34	35.74	47.96
0.95	-0.09	0.28	354.89	16.51	53.40
-0.76	-0.65	0.03	220.33	1.62	81.93
-0.98	-0.16	0.13	189.02	7.34	79.53
-0.00	0.57	0.82	90.33	55.18	47.68
-0.02	0.47	0.88	92.83	62.11	46.20
-0.92	0.26	0.29	164.32	16.57	42.40
0.90	-0.39	0.17	336.48	10.03	89.40
0.79	0.57	0.22	35.87	12.46	20.97
-0.28	-0.91	0.32	253.07	18.38	23.35
0.34	0.29	0.89	40.28	63.41	53.40
0.50	0.47	0.73	42.99	46.97	50.81
0.04	0.64	0.76	86.25	49.82	98.62
0.13	0.96	0.26	82.02	15.07	69.73
0.71	-0.62	0.33	319.08	18.98	49.93
-0.18	0.65	0.74	105.17	47.39	32.85
0.79	-0.01	0.62	359.22	38.11	74.76
-0.14	0.60	0.79	102.87	51.89	35.13
0.17	0.67	0.72	75.77	46.18	82.66
-0.01	0.94	0.33	90.33	19.23	79.27
0.70	-0.69	0.18	315.30	10.66	50.57
0.23	0.50	0.84	65.28	56.90	61.68
-0.45	0.65	0.62	124.64	38.04	85.26
0.77	0.49	0.41	32.58	24.41	48.00
-0.67	0.41	0.62	148.67	38.11	73.13
-0.49	0.09	0.87	169.87	60.38	68.44
-0.42	-0.79	0.46	242.01	27.22	94.21
0.83	-0.45	0.33	331.77	19.12	54.94
0.60	-0.77	0.23	307.75	13.41	37.94
0.06	0.24	0.97	75.77	75.52	50.50
0.53	0.64	0.56	50.65	33.97	17.84
-0.41	0.72	0.56	119.75	34.01	67.95
-0.30	0.91	0.29	108.24	17.03	39.28
-0.31	-0.93	0.20	251.55	11.58	40.04
0.70	0.49	0.53	35.13	31.80	32.25
-0.74	-0.59	0.32	218.47	18.86	98.80
0.06	-0.99	0.12	273.20	6.93	59.67
0.81	0.29	0.52	19.51	31.17	28.02
0.66	-0.46	0.59	325.05	36.22	66.94
0.88	0.06	0.47	4.11	27.73	64.26
-0.33	-0.90	0.29	249.92	17.05	38.12
0.48	0.03	0.88	3.72	61.08	44.25
-0.30	0.14	0.95	155.37	70.93	83.32
-0.39	0.87	0.31	114.49	17.84	27.54
-0.46	-0.43	0.77	223.18	50.67	28.87
0.74	-0.47	0.49	327.83	29.14	11.18
0.65	-0.45	0.61	325.54	37.72	55.87
0.08	0.42	0.90	79.42	64.79	64.28
-0.93	-0.06	0.35	183.97	20.53	58.71
-0.13	-0.38	0.92	250.36	66.53	73.30
-0.94	0.13	0.31	172.02	17.77	71.62
-0.48	0.76	0.43	122.36	25.77	49.57
-0.26	0.19	0.95	143.90	71.02	18.98
-0.32	-0.48	0.82	236.55	54.63	37.71
0.82	-0.45	0.35	331.17	20.48	54.27
0.41	0.78	0.47	62.44	28.30	36.50
-0.60	0.75	0.26	128.55	15.30	14.60
-0.59	-0.78	0.21	232.84	12.15	52.58
-0.85	-0.08	0.52	185.47	31.22	54.04
-0.85	-0.08	0.52	185.47	31.22	54.04
-0.58	-0.29	0.76	206.74	49.88	97.44
-0.43	-0.11	0.89	194.65	63.47	34.56
-0.41	-0.79	0.45	242.48	26.86	26.18
-0.84	-0.11	0.53	187.63	31.98	31.85
0.72	0.58	0.37	38.91	21.58	33.14
-0.09	-0.21	0.97	245.85	76.73	76.35
-0.79	-0.31	0.53	201.51	31.88	57.59
-0.97	0.24	0.08	166.22	4.61	55.87
-0.31	0.43	0.85	125.43	58.11	71.99
0.14	0.38	0.91	69.88	65.86	55.68
0.03	-0.13	0.99	282.40	82.29	43.02
-0.32	0.50	0.81	122.92	53.66	47.04
0.66	-0.65	0.37	315.38	21.54	55.49
0.83	0.08	0.55	5.72	33.19	49.71
0.77	0.18	0.61	13.29	37.44	17.75
-0.30	0.54	0.78	119.14	51.55	83.20
-0.84	0.53	0.07	147.76	3.92	76.11
0.83	-0.53	0.18	327.15	10.10	71.84
-0.23	-0.52	0.83	246.33	55.61	32.44
0.79	0.12	0.60	8.55	36.89	70.52
-0.02	-0.17	0.98	263.95	79.91	12.63
0.68	-0.02	0.74	358.11	47.33	74.18
0.68	-0.02	0.74	358.11	47.33	74.18
0.18	0.92	0.35	78.84	20.33	53.23
-0.83	-0.51	0.21	211.42	12.33	98.33
-0.65	0.68	0.33	133.91	19.54	47.95
-0.20	-0.73	0.65	254.95	40.92	65.42
-0.79	-0.61	0.02	217.95	1.21	64.26
0.47	0.74	0.48	57.94	28.51	15.53
0.88	-0.43	0.20	333.74	11.74	51.23
0.13	0.75	0.65	80.54	40.38	11.99
-0.39	0.15	0.91	158.79	65.07	41.23
-0.39	0.15	0.91	158.79	65.07	41.23
-1.00	-0.04	0.06	182.17	3.54	59.72
0.89	0.36	0.30	21.84	17.35	54.93
-0.45	-0.89	0.11	243.02	6.37	32.38
0.65	-0.45	0.61	325.54	37.72	55.87
-0.52	0.85	0.08	121.65	4.49	14.28
-0.52	0.85	0.08	121.65	4.49	14.28
-0.52	0.85	0.08	121.65	4.49	14.28
0.23	0.33	0.92	55.12	66.38	61.93
0.84	0.41	0.37	26.02	21.42	69.28
-0.51	0.84	0.19	121.40	10.86	76.52
-0.21	0.64	0.74	108.02	47.70	54.93
-0.86	-0.31	0.40	199.58	23.82	53.76
0.65	-0.76	0.07	310.45	3.94	29.76
0.68	0.09	0.73	7.94	46.88	21.25
0.68	0.09	0.73	7.94	46.88	21.25
0.72	0.67	0.17	43.00	9.60	63.57
0.72	0.67	0.17	43.00	9.60	63.57
0.72	0.67	0.17	43.00	9.60	63.57
-0.19	-0.35	0.92	241.20	66.31	43.22
0.20	0.32	0.92	57.79	67.58	75.02
-0.05	0.14	0.99	108.16	81.60	12.62
0.40	0.90	0.15	66.19	8.80	31.20
0.67	-0.59	0.45	318.50	26.51	31.48
-0.51	0.84	0.19	121.40	10.86	76.52
-0.65	0.39	0.65	149.22	40.45	72.25
-0.65	0.39	0.65	149.22	40.45	72.25
-0.26	0.76	0.60	109.18	36.83	68.19
0.47	-0.23	0.85	334.38	58.47	56.25
-0.06	0.05	1.00	139.28	85.73	64.31
-0.06	0.05	1.00	139.28	85.73	64.31
0.16	0.97	0.20	80.34	11.35	27.34
0.46	0.87	0.17	61.96	9.63	19.11
0.46	0.87	0.17	61.96	9.63	19.11
-0.19	0.68	0.71	105.78	45.18	19.12
-0.88	0.01	0.47	179.50	27.78	61.08
-0.17	-0.88	0.45	259.00	26.69	37.07
-0.91	-0.06	0.41	183.59	24.18	49.14
-0.19	0.67	0.71	105.88	45.53	18.99
0.67	-0.13	0.73	349.09	46.92	58.94
-0.67	-0.49	0.55	216.43	33.68	56.07
-0.67	-0.49	0.55	216.43	33.68	56.07
0.15	-0.98	0.12	278.72	7.09	71.12
-0.00	0.97	0.24	90.24	13.73	78.23
0.87	-0.15	0.46	350.41	27.56	45.60
-0.19	-0.79	0.59	256.30	35.93	12.06
-0.19	-0.79	0.59	256.30	35.93	12.06
-0.89	0.45	0.05	153.52	2.75	56.51
-0.01	0.73	0.69	91.07	43.33	73.89
-0.80	-0.43	0.42	208.28	25.08	47.74
0.91	0.17	0.38	10.61	22.46	22.24
-0.42	-0.52	0.75	231.44	48.16	37.18
-0.51	0.84	0.19	121.40	10.86	76.52
-0.52	-0.60	0.61	229.19	37.89	70.17
-0.86	0.20	0.47	166.70	28.19	37.92
0.49	0.85	0.18	60.18	10.17	20.98
-0.64	-0.65	0.41	225.36	24.36	42.70
0.39	-0.84	0.37	295.19	21.94	56.22
-0.61	0.47	0.64	142.22	39.51	32.98
0.56	-0.81	0.18	304.70	10.14	52.09
0.20	0.73	0.66	74.32	40.92	36.25
0.07	0.55	0.83	82.29	56.36	25.53
0.76	0.46	0.46	31.43	27.07	29.80
0.36	0.91	0.20	68.36	11.28	28.28
0.27	0.55	0.79	63.81	51.91	69.09
0.27	0.55	0.79	63.81	51.91	69.09
0.87	0.47	0.14	28.53	8.16	32.14
-0.11	-0.76	0.64	261.59	40.07	52.12
0.27	0.92	0.27	73.77	15.68	24.51
0.44	-0.71	0.55	301.73	33.55	54.75
0.23	0.97	0.08	76.66	4.43	35.98
0.23	0.97	0.08	76.66	4.43	35.98
-0.99	-0.11	0.12	186.17	6.93	21.88
0.06	0.61	0.79	84.81	51.87	45.99
0.64	0.68	0.37	46.83	21.61	65.35
0.02	1.00	0.09	88.92	5.06	78.37
-0.66	0.69	0.30	134.07	17.25	37.66
-0.66	0.69	0.30	134.07	17.25	37.66
0.24	0.95	0.18	75.84	10.32	79.25
0.14	-0.98	0.15	278.13	8.79	70.00
0.77	0.31	0.56	21.72	33.87	29.72
-0.40	0.80	0.45	116.42	26.87	59.63
-0.75	0.04	0.66	176.69	41.61	66.08
-0.94	-0.29	0.17	197.24	10.01	53.47
0.34	-0.78	0.53	293.84	32.06	64.76
-0.87	-0.35	0.36	201.98	20.83	42.28
-0.67	0.74	0.01	131.93	0.83	15.02
0.65	-0.11	0.75	350.18	48.67	60.36
0.35	-0.10	0.93	344.24	68.43	59.10
-0.82	-0.45	0.36	208.78	21.04	19.87
-0.95	-0.21	0.23	192.57	13.33	42.24
0.39	-0.39	0.84	314.74	56.79	8.43
0.39	-0.39	0.84	314.74	56.79	8.43
-0.82	0.09	0.57	173.82	34.48	36.57
0.31	0.72	0.62	66.48	38.51	52.81
-0.59	0.51	0.63	139.40	38.98	31.98
0.32	-0.30	0.90	316.89	64.38	19.83
-0.79	-0.51	0.34	212.56	19.69	39.69
0.30	0.95	0.08	72.29	4.45	56.58
-0.04	-0.97	0.24	267.38	14.13	49.89
-0.77	-0.64	0.00	219.78	0.17	70.19
0.20	-0.82	0.54	283.50	32.71	49.83
0.74	-0.57	0.35	322.26	20.42	54.81
-0.74	-0.28	0.61	200.90	37.46	29.34
-0.83	-0.56	0.08	213.84	4.45	23.61
-0.71	0.55	0.43	142.25	25.69	74.47
-0.36	0.83	0.44	113.29	25.86	21.81
0.93	-0.03	0.37	358.43	21.94	17.33
0.59	-0.11	0.80	349.11	53.21	70.27
-0.70	0.63	0.34	138.18	20.02	59.16
-0.93	0.22	0.29	166.84	17.00	67.89
-0.69	-0.52	0.51	217.25	30.62	43.18
0.75	0.47	0.47	31.89	27.99	82.74
-0.91	0.31	0.26	161.01	15.09	69.79
-0.58	-0.80	0.14	233.80	8.07	12.87
-0.98	0.08	0.20	175.22	11.58	74.00
-0.47	0.86	0.20	118.46	11.67	47.24
-0.39	-0.84	0.38	245.05	22.53	62.72
0.24	0.81	0.53	73.77	32.15	69.75
0.24	0.81	0.53	73.77	32.15	69.75
-0.95	0.17	0.25	169.93	14.35	61.11
-0.22	-0.36	0.90	239.00	64.81	20.02
-0.84	0.43	0.33	153.01	19.34	38.68
0.82	0.57	0.12	34.70	6.64	56.20
-0.95	-0.03	0.30	181.82	17.30	10.43
-0.46	-0.89	0.00	242.75	0.04	77.59
-0.46	-0.89	0.00	242.75	0.04	77.59
-0.69	0.71	0.15	134.49	8.57	43.81
1.00	-0.10	0.02	354.41	1.21	47.78
0.70	0.70	0.14	44.74	8.33	66.04
-0.66	-0.61	0.45	222.93	26.44	41.95
-0.98	0.18	0.09	169.39	5.11	66.62
0.88	0.33	0.35	20.64	20.62	38.68
-0.52	0.65	0.55	128.85	33.57	29.93
0.58	-0.71	0.39	309.50	23.12	52.80
0.08	-0.93	0.37	274.87	21.68	51.42
0.08	-0.93	0.37	274.87	21.68	51.42
0.80	0.31	0.52	21.39	31.01	67.52
0.73	0.26	0.63	19.65	38.91	61.56
-0.03	-0.95	0.32	268.10	18.42	36.10
0.39	0.90	0.20	66.72	11.50	41.45
-0.91	-0.33	0.24	200.13	13.89	14.43
-0.27	-0.33	0.91	230.80	65.03	11.76
1.00	0.03	0.05	1.50	2.84	34.54
1.00	0.03	0.05	1.50	2.84	34.54
-0.77	0.64	0.02	140.32	0.94	19.48
-0.11	-0.69	0.71	261.26	45.50	90.25
-0.71	0.13	0.70	169.45	44.06	68.10
-0.07	-0.24	0.97	254.51	75.81	64.97
0.88	0.17	0.44	11.10	25.83	49.82
-0.99	0.05	0.14	177.27	7.96	43.11
0.27	0.78	0.56	71.05	34.22	19.18
-0.27	-0.74	0.61	249.78	37.85	96.37
-0.94	0.32	0.12	161.41	7.16	54.78
0.87	-0.27	0.42	342.87	24.58	77.30
-0.98	-0.08	0.18	184.81	10.21	60.81
-0.92	-0.37	0.10	201.93	5.49	18.94
0.97	0.16	0.20	9.12	11.63	64.08
-0.32	0.16	0.93	153.14	69.13	15.71
0.39	0.27	0.88	34.40	61.41	49.48
0.39	0.27	0.88	34.40	61.41	49.48
0.19	0.93	0.31	78.65	18.24	73.32
-0.35	0.81	0.47	113.46	28.25	58.66
-0.97	-0.21	0.11	191.95	6.58	71.23
-0.10	0.99	0.09	95.85	5.32	34.80
0.40	0.66	0.63	58.90	39.31	53.17
0.04	-0.91	0.42	272.29	24.99	69.20
-0.46	-0.39	0.80	220.28	53.23	73.58
-0.84	-0.52	0.15	211.64	8.82	17.12
0.98	0.19	0.09	11.05	5.13	79.28
-0.26	0.29	0.92	131.55	67.14	64.61
0.85	-0.38	0.36	336.25	20.96	69.51
0.84	-0.52	0.17	328.21	9.77	71.01
0.18	-0.15	0.97	319.84	76.12	59.30
-0.46	0.27	0.85	149.93	58.07	17.35
0.60	-0.48	0.64	321.34	39.72	62.84
0.41	-0.66	0.63	301.72	39.02	46.64
0.33	-0.76	0.56	293.22	34.32	84.56
-0.63	-0.70	0.34	227.82	19.78	71.53
0.28	-0.64	0.72	294.02	45.84	46.76
0.29	0.85	0.44	70.91	26.32	50.07
0.21	0.23	0.95	48.46	71.88	14.66
-0.16	0.96	0.21	99.48	12.41	25.67
-0.90	-0.02	0.43	181.06	25.52	28.74
0.42	0.87	0.25	64.55	14.64	41.24
-0.63	-0.75	0.20	229.94	11.27	49.09
-0.94	-0.29	0.16	197.30	9.36	39.77
-0.94	-0.29	0.16	197.30	9.36	39.77
0.49	0.77	0.41	57.53	24.17	60.45
0.49	0.77	0.41	57.53	24.17	60.45
0.49	0.77	0.41	57.53	24.17	60.45
-0.72	0.16	0.67	167.18	42.14	57.17
0.97	-0.25	0.04	345.36	2.56	56.90
0.87	-0.44	0.22	333.25	12.72	43.28
-0.80	-0.60	0.06	216.92	3.43	37.55
-0.77	0.43	0.48	150.92	28.64	25.09
0.47	0.64	0.61	54.08	37.33	31.24
0.27	-0.13	0.95	333.40	72.61	59.74
-0.83	-0.56	0.08	213.84	4.45	23.61
0.94	-0.33	0.03	340.77	1.80	64.55
0.47	0.87	0.14	61.97	7.83	60.63
0.47	0.87	0.14	61.97	7.83	60.63
-0.62	0.77	0.16	128.72	9.36	83.55
0.19	0.39	0.90	64.19	64.44	44.66
-0.07	-0.58	0.81	262.84	54.00	29.65
0.11	-0.64	0.76	280.17	49.41	67.75
0.04	-0.77	0.64	272.78	39.91	42.75
0.53	0.85	0.00	58.16	0.10	70.09
-0.44	-0.31	0.84	215.67	57.38	82.56
0.71	0.47	0.52	33.61	31.19	21.55
0.71	0.47	0.52	33.61	31.19	21.55
-0.88	-0.09	0.47	185.72	27.72	40.77
-0.60	-0.80	0.00	233.38	0.22	72.12
0.56	0.47	0.69	40.09	43.32	97.51
0.64	0.68	0.35	46.55	20.56	32.82
0.21	0.42	0.88	63.26	61.85	16.20
-1.00	0.05	0.05	176.99	2.58	23.07
-0.33	0.69	0.64	115.50	39.80	24.00
-0.62	0.79	0.02	128.15	1.07	18.98
0.27	0.60	0.75	66.22	48.69	52.51
0.87	-0.27	0.42	342.87	24.58	77.30
-0.27	-0.60	0.75	245.67	48.55	99.85
0.65	0.18	0.73	15.26	47.28	17.13
-0.98	-0.16	0.07	189.25	4.26	46.01
0.70	0.58	0.42	39.63	24.70	68.88
0.36	-0.90	0.25	291.98	14.52	34.71
-0.50	-0.11	0.86	192.38	59.11	29.01
-0.37	-0.42	0.83	229.18	55.83	30.88
-0.07	-0.67	0.74	264.20	47.89	95.41
0.40	-0.79	0.47	296.74	28.24	41.55
0.40	-0.79	0.47	296.74	28.24	41.55
0.40	-0.79	0.47	296.74	28.24	41.55
-0.70	0.21	0.68	163.60	43.20	16.42
0.40	0.33	0.85	39.11	58.74	46.44
-0.56	0.80	0.21	124.84	12.03	16.74
-0.94	-0.31	0.15	198.55	8.50	37.74
-0.94	-0.31	0.15	198.55	8.50	37.74
-0.60	0.79	0.14	127.20	7.78	41.80
-0.66	0.47	0.58	144.47	35.78	45.76
-0.98	0.15	0.10	171.49	5.66	53.02
-0.49	-0.04	0.87	184.08	60.38	12.55
-0.19	0.76	0.63	104.36	38.70	6.55
0.56	-0.46	0.68	320.49	43.23	71.22
0.82	-0.57	0.01	325.14	0.70	8.40
0.22	-0.91	0.35	283.47	20.43	28.29
-0.99	0.14	0.06	171.68	3.26	12.37
-0.93	-0.07	0.36	184.40	21.23	52.01
0.30	0.95	0.04	72.39	2.38	68.60
0.77	0.50	0.39	33.19	23.26	76.27
-0.67	-0.58	0.46	220.85	27.21	58.96
0.16	-0.76	0.63	281.49	38.86	56.53
-0.53	0.84	0.14	122.30	8.06	34.02
-1.00	0.09	0.04	175.10	2.44	35.40
0.96	-0.29	0.01	342.87	0.66	56.50
0.65	-0.40	0.65	328.36	40.57	32.78
0.65	-0.40	0.65	328.36	40.57	32.78
-0.72	-0.44	0.53	211.50	32.27	74.97
0.82	0.56	0.15	34.33	8.57	29.49
-0.98	0.11	0.18	173.78	10.32	33.67
0.50	0.79	0.35	57.51	20.69	95.29
-0.04	0.83	0.56	92.95	33.98	34.36
-0.37	0.28	0.89	142.77	62.54	6.47
-0.75	0.12	0.65	170.57	40.30	51.37
-0.75	0.12	0.65	170.57	40.30	51.37
0.52	0.80	0.30	56.86	17.61	34.37
-0.65	0.53	0.55	140.61	33.29	50.86
-0.95	0.21	0.23	167.45	13.04	58.55
0.03	-0.13	0.99	282.15	82.61	38.94
0.71	0.16	0.69	12.81	43.32	20.63
-0.29	0.70	0.66	112.35	40.93	36.02
0.01	-0.67	0.75	270.71	48.27	52.34
-0.43	-0.80	0.42	241.68	24.73	59.63
-0.94	-0.30	0.16	197.89	9.32	40.65
-0.48	0.24	0.85	153.80	57.80	17.81
0.90	0.34	0.26	20.42	15.18	58.78
0.85	0.41	0.33	25.91	19.13	59.07
0.86	0.44	0.27	26.91	15.91	60.68
0.55	-0.27	0.79	334.11	51.95	52.55
0.84	-0.40	0.36	334.77	20.99	9.39
0.03	-0.73	0.68	272.09	43.07	50.79
0.02	-0.70	0.72	271.49	45.83	63.79
-0.87	0.10	0.49	173.20	29.22	68.16
0.33	-0.68	0.66	295.85	41.24	55.15
0.45	-0.80	0.39	299.33	22.72	30.50
-0.91	-0.42	0.07	204.63	4.01	50.15
0.28	-0.79	0.55	289.85	33.06	26.78
0.50	-0.85	0.14	300.33	8.32	38.38
-0.97	0.23	0.00	166.80	0.28	36.55
0.39	-0.35	0.85	318.50	58.49	7.89
0.44	0.62	0.65	54.21	40.68	101.88
0.44	0.62	0.65	54.21	40.68	101.88
-0.71	0.40	0.59	150.72	35.99	17.08
-0.71	0.40	0.59	150.72	35.99	17.08
-0.73	0.68	0.01	136.98	0.32	36.00
-0.13	0.13	0.98	134.00	79.21	47.36
-0.18	-0.92	0.34	259.21	19.73	36.05
-0.27	0.75	0.60	109.74	36.77	51.83
-0.33	-0.41	0.85	231.32	58.05	24.64
-0.90	0.22	0.38	165.99	22.48	42.66
-0.52	0.77	0.37	124.04	21.58	31.94
0.91	0.37	0.20	22.17	11.52	17.11
-0.37	-0.70	0.61	241.89	37.66	41.93
0.08	0.95	0.30	85.33	17.25	54.00
0.09	0.98	0.15	84.99	8.68	54.89
0.14	-0.94	0.32	278.27	18.86	49.90
-0.79	0.60	0.14	142.59	7.87	81.69
-0.75	0.48	0.45	147.12	26.92	65.50
0.66	-0.68	0.33	314.01	19.21	89.99
0.66	-0.68	0.33	314.01	19.21	89.99
0.84	0.38	0.39	24.50	23.03	69.75
-0.65	0.53	0.55	140.61	33.29	50.86
0.32	-0.94	0.08	288.73	4.44	35.08
0.39	0.08	0.92	12.17	66.32	32.73
-0.63	-0.64	0.44	225.49	25.84	74.02
-0.58	-0.34	0.74	210.45	47.95	82.87
-0.58	-0.34	0.74	210.45	47.95	82.87
-0.71	0.61	0.36	139.48	20.96	20.13
-0.66	0.70	0.27	133.42	15.92	36.48
-0.92	-0.29	0.27	197.36	15.39	34.44
-0.80	0.49	0.33	148.33	19.56	48.84
-0.47	-0.87	0.12	241.56	6.87	30.84
-0.71	-0.70	0.08	224.46	4.87	32.29
-0.71	-0.70	0.08	224.46	4.87	32.29
0.40	-0.89	0.23	294.14	13.31	63.08
0.36	-0.64	0.68	299.24	43.07	45.80
-0.25	-0.68	0.69	250.24	43.43	107.59
-0.36	0.83	0.43	113.33	25.45	57.38
-0.55	0.82	0.19	123.85	10.78	80.59
-0.92	-0.32	0.25	199.04	14.39	53.35
0.28	-0.03	0.96	353.92	73.65	60.42
-0.82	-0.57	0.01	214.91	0.76	19.13
0.06	0.90	0.43	86.15	25.72	43.20
-0.43	0.54	0.72	128.66	46.12	54.14
0.97	0.26	0.04	14.88	2.41	26.41
0.19	0.92	0.33	78.15	19.38	71.29
-0.13	-0.98	0.12	262.62	6.77	78.35
-0.34	0.70	0.63	115.77	38.99	59.99
-0.18	-0.46	0.87	249.08	60.44	23.01
0.14	-0.96	0.25	278.22	14.40	16.16
-0.25	-0.96	0.13	255.66	7.36	41.80
-0.70	0.30	0.65	156.74	40.75	59.58
-0.31	-0.04	0.95	186.99	71.82	34.08
-0.56	0.60	0.58	132.97	35.41	54.39
0.50	-0.26	0.83	332.46	55.83	69.96
-0.07	0.31	0.95	102.96	71.62	28.28
0.55	-0.27	0.79	334.11	51.95	52.55
-0.65	0.53	0.55	140.61	33.29	50.86
0.25	0.91	0.34	74.70	19.91	59.80
-0.90	0.30	0.32	161.27	18.68	49.80
0.66	0.72	0.21	47.25	11.98	87.89
0.19	0.93	0.32	78.63	18.90	53.92
-0.06	-0.77	0.63	265.18	39.36	23.05
-0.25	0.96	0.10	104.71	5.76	38.48
-0.24	-0.83	0.51	253.89	30.74	57.75
-0.69	-0.55	0.48	218.67	28.50	83.36
0.29	0.85	0.44	71.00	26.13	67.60
-0.91	-0.30	0.28	198.25	16.42	35.60
0.27	0.83	0.49	72.05	29.21	33.59
0.09	-0.86	0.51	275.87	30.48	76.08
-0.03	-0.94	0.33	268.14	19.21	79.94
-0.86	0.41	0.30	154.52	17.26	33.93
-0.15	0.75	0.64	101.56	39.81	22.20
-0.80	-0.46	0.39	209.86	23.23	42.83
0.39	0.54	0.75	54.35	48.26	43.45
0.42	-0.70	0.57	301.10	34.99	105.72
0.53	-0.84	0.09	302.22	5.21	53.01
0.62	0.17	0.77	15.04	50.44	69.90
0.62	0.17	0.77	15.04	50.44	69.90
0.79	0.34	0.51	23.04	30.55	60.01
-0.35	-0.64	0.69	240.92	43.30	56.75
0.35	-0.91	0.21	290.97	11.96	74.58
-0.09	0.92	0.39	95.89	22.75	57.43
-0.56	-0.83	0.01	236.01	0.33	66.97
-0.40	-0.03	0.92	184.69	66.41	72.23
-0.40	-0.03	0.92	184.69	66.41	72.23
-0.77	-0.63	0.00	219.32	0.23	37.09
-0.75	-0.50	0.44	213.48	25.94	59.84
-0.89	0.10	0.44	173.33	26.24	16.53
-0.13	-0.30	0.94	246.84	70.73	68.07
0.54	-0.37	0.76	325.53	49.35	52.44
-0.30	-0.76	0.57	248.14	35.00	38.06
0.65	0.48	0.59	36.49	36.26	46.73
-0.36	0.68	0.64	117.88	40.05	37.73
-0.98	-0.01	0.21	180.81	12.26	34.52
0.03	-0.48	0.88	273.65	61.39	61.27
-0.16	-0.97	0.17	260.48	10.01	85.60
-0.66	-0.70	0.27	226.55	15.96	8.85
0.76	0.58	0.30	37.17	17.51	52.77
0.26	-0.56	0.78	294.67	51.71	37.00
0.86	0.05	0.51	3.19	30.70	36.51
0.04	-0.83	0.55	272.94	33.30	81.14
0.04	-0.83	0.55	272.94	33.30	81.14
-0.95	-0.32	0.04	198.55	2.30	53.94
-0.85	-0.04	0.53	182.92	31.98	34.99
0.96	0.27	0.07	15.83	4.24	76.31
0.67	-0.00	0.74	359.94	48.01	89.85
0.67	-0.00	0.74	359.94	48.01	89.85
0.11	-0.09	0.99	321.40	81.80	41.96
-0.12	0.98	0.14	97.13	8.10	46.21
-0.96	0.24	0.14	166.23	8.18	59.67
-0.96	0.20	0.20	168.28	11.27	60.16
0.38	0.39	0.84	45.33	56.94	30.76
0.62	0.73	0.28	49.64	15.99	71.08
0.90	-0.15	0.42	350.66	24.56	47.71
-0.95	0.09	0.31	174.74	18.22	58.20
-0.91	-0.24	0.34	194.77	20.17	45.46
0.68	-0.59	0.44	318.85	25.79	27.79
-0.79	0.59	0.16	142.99	9.37	59.32
-0.07	-0.74	0.67	264.86	42.26	31.13
-0.32	0.41	0.85	127.64	58.54	48.00
0.11	0.91	0.41	83.24	24.17	7.18
-0.04	-0.56	0.83	265.67	55.81	62.15
-0.34	-0.83	0.44	248.06	26.08	22.70
-0.34	-0.83	0.44	248.06	26.08	22.70
-0.12	-0.12	0.99	227.23	80.22	23.53
-0.63	-0.73	0.27	229.28	15.77	70.83
-0.45	-0.84	0.30	241.59	17.58	57.94
-0.13	0.98	0.14	97.74	7.87	71.77
-0.52	-0.12	0.85	193.34	57.74	34.07
0.18	0.98	0.10	79.45	5.86	43.03
0.80	-0.24	0.55	343.26	33.14	45.09
-0.19	0.94	0.29	101.18	16.82	73.39
0.90	0.39	0.18	23.68	10.43	39.78
0.85	-0.15	0.50	349.99	30.31	34.68
0.12	0.50	0.86	77.09	58.89	52.72
-0.24	0.45	0.86	118.55	59.36	24.81
0.98	-0.05	0.19	356.94	11.05	57.76
-0.67	-0.62	0.41	222.96	24.22	62.82
0.29	-0.90	0.31	287.99	18.04	32.25
0.91	-0.34	0.25	339.65	14.46	46.88
-0.84	0.38	0.40	155.74	23.49	17.60
0.75	0.18	0.64	13.88	39.84	74.63
-0.15	-0.69	0.70	257.66	44.76	43.21
-0.61	0.79	0.02	127.77	1.08	48.99
0.34	0.80	0.49	66.70	29.34	29.37
0.95	-0.21	0.21	347.41	12.12	41.92
0.30	-0.71	0.64	292.94	39.42	19.41
-0.52	-0.12	0.85	193.34	57.74	34.07
0.39	-0.92	0.08	293.21	4.80	7.75
0.42	-0.64	0.64	303.28	39.89	75.80
0.02	-0.66	0.75	271.54	48.76	36.54
0.73	0.33	0.60	24.09	36.75	30.02
-0.20	-0.46	0.86	246.58	59.84	26.39
0.53	-0.81	0.24	303.18	14.12	34.95
0.69	0.36	0.63	27.30	38.97	71.70
0.96	-0.24	0.15	345.67	8.91	53.62
-0.85	-0.52	0.07	211.29	4.04	22.08
0.80	-0.60	0.06	322.94	3.18	41.67
-0.94	-0.07	0.32	184.46	18.81	28.23
0.34	-0.84	0.43	292.12	25.51	50.77
0.10	0.56	0.83	80.24	55.64	37.46
-0.80	-0.27	0.54	198.46	32.87	70.48
-0.66	-0.57	0.49	220.98	29.55	81.21
-0.58	-0.28	0.76	205.31	49.73	74.50
0.00	0.15	0.99	88.52	81.45	43.70
0.00	0.15	0.99	88.52	81.45	43.70
-0.86	-0.37	0.35	203.30	20.59	25.59
-0.26	-0.04	0.96	188.65	74.69	38.99
0.19	-0.81	0.56	283.01	33.71	29.47
0.81	-0.49	0.33	328.93	19.07	30.93
0.80	-0.57	0.20	324.71	11.33	57.05
0.80	-0.57	0.20	324.71	11.33	57.05
1.00	-0.04	0.03	357.76	1.69	48.98
0.92	-0.15	0.37	350.66	21.82	17.11
-0.35	0.92	0.15	111.02	8.54	43.78
-0.34	0.94	0.01	109.98	0.81	43.52
0.07	-0.36	0.93	281.06	68.46	50.20
0.07	-0.36	0.93	281.06	68.46	50.20
0.93	0.09	0.34	5.77	19.99	14.94
-0.85	-0.52	0.07	211.29	4.04	22.08
0.04	0.95	0.31	87.74	18.14	58.74
-0.66	0.54	0.51	140.67	30.89	20.23
0.15	0.65	0.74	77.12	47.99	77.46
-0.14	0.26	0.96	118.46	72.82	40.30
-0.41	-0.75	0.52	241.71	31.05	60.46
0.19	-0.81	0.56	283.21	33.74	28.94
0.82	-0.48	0.32	329.76	18.89	30.61
0.19	-0.81	0.56	283.21	33.74	28.94
-0.74	-0.29	0.60	201.56	37.08	51.72
-0.63	0.66	0.40	133.73	23.72	29.41
0.63	0.55	0.54	41.25	32.80	56.24
0.63	0.55	0.54	41.25	32.80	56.24
-0.04	0.93	0.36	92.70	20.98	34.64
-0.04	0.93	0.36	92.70	20.98	34.64
-0.51	-0.86	0.10	239.41	5.68	42.43
-0.51	-0.86	0.10	239.41	5.68	42.43
-0.85	-0.52	0.07	211.29	4.04	22.08
0.82	-0.48	0.32	329.76	18.89	30.61
0.50	-0.53	0.69	313.26	43.36	44.20
0.47	0.15	0.87	17.83	60.55	56.51
-0.70	-0.35	0.63	206.41	38.71	53.39
-0.70	-0.35	0.63	206.41	38.71	53.39
-0.70	-0.35	0.63	206.41	38.71	53.39
-0.35	-0.75	0.56	245.31	34.05	74.90
-0.85	-0.52	0.07	211.29	4.04	22.08
-0.44	0.68	0.59	122.97	36.00	40.15
-0.91	0.40	0.07	156.27	3.93	32.92
-0.96	-0.21	0.17	192.15	9.58	58.01
-0.96	-0.21	0.17	192.15	9.58	58.01
0.99	0.16	0.03	9.36	1.69	33.97
0.99	0.16	0.03	9.36	1.69	33.97
-0.43	0.86	0.27	116.44	15.69	40.11
-0.43	0.86	0.27	116.44	15.69	40.11
0.98	0.08	0.20	4.68	11.53	74.16
0.98	0.08	0.20	4.68	11.53	74.16
0.46	0.84	0.28	61.38	16.05	51.74
0.54	-0.69	0.48	308.27	28.56	41.62
-0.47	-0.41	0.78	221.32	51.51	33.34
-0.69	-0.69	0.21	224.84	11.90	46.46
0.97	-0.21	0.13	347.51	7.56	49.17
-0.20	-0.90	0.38	257.47	22.05	57.09
0.91	-0.04	0.42	357.71	25.04	53.23
0.91	-0.27	0.31	343.77	18.32	82.08
0.87	-0.45	0.18	332.79	10.48	57.29
-0.99	0.07	0.09	175.90	4.91	55.11
0.97	0.26	0.05	14.90	3.05	33.37
0.15	0.96	0.22	80.90	12.79	37.96
-0.77	-0.08	0.63	185.78	39.02	40.87
0.32	0.82	0.47	68.67	27.76	52.49
-0.81	0.21	0.54	165.32	32.98	11.88
0.59	0.81	0.03	53.80	1.92	45.47
-0.82	-0.56	0.06	214.28	3.33	24.95
-0.64	-0.77	0.02	230.29	0.92	27.52
-0.85	-0.43	0.31	206.92	17.88	36.12
-0.17	-0.68	0.72	255.71	45.79	42.35
-0.43	-0.67	0.61	237.54	37.38	62.59
-0.61	-0.55	0.56	221.89	34.31	67.79
-0.04	0.16	0.99	104.27	80.57	76.93
0.22	0.84	0.50	75.58	29.88	100.42
0.39	-0.92	0.02	292.89	0.86	43.53
-0.02	-0.95	0.31	268.98	17.98	75.60
-0.56	0.82	0.05	124.40	2.86	50.51
0.85	-0.36	0.40	336.93	23.29	88.98
0.66	-0.26	0.71	338.18	44.95	7.25
-0.07	0.62	0.78	96.52	51.12	34.39
0.35	-0.91	0.21	290.97	11.96	74.58
-0.58	0.66	0.47	131.15	28.30	41.15
-0.16	0.74	0.65	102.43	40.29	33.48
-0.10	-0.66	0.74	261.86	47.80	28.53
-0.43	0.01	0.90	179.00	64.70	74.51
0.44	0.69	0.57	57.84	35.10	58.94
0.58	0.68	0.44	49.47	26.24	55.21
-0.61	-0.77	0.17	231.83	9.71	87.31
0.57	0.74	0.36	52.58	21.09	44.68
-0.10	0.00	0.99	178.36	84.10	69.31
0.13	0.83	0.54	81.03	32.64	89.18
-0.99	0.06	0.10	176.53	5.85	77.82
-0.75	0.58	0.32	142.57	18.75	26.48
0.57	-0.40	0.72	324.59	45.88	82.24
-0.17	-0.81	0.57	257.93	34.45	33.36
0.77	0.26	0.58	18.65	35.72	29.83
0.33	-0.82	0.47	292.11	28.22	43.58
-0.07	-1.00	0.07	266.26	3.99	75.19
-0.78	-0.58	0.23	216.73	13.11	65.58
0.01	0.45	0.89	89.24	62.95	23.86
0.21	-0.96	0.21	282.27	11.91	45.25
-0.86	0.22	0.47	165.82	27.72	16.48
-0.71	-0.71	0.03	225.12	1.62	25.43
-0.95	0.13	0.28	172.40	16.21	45.70
-0.06	-0.97	0.25	266.40	14.47	54.36
-0.06	-0.97	0.25	266.40	14.47	54.36
-0.73	0.65	0.22	138.53	13.00	84.09
-0.69	0.71	0.16	134.17	9.09	65.09
-0.69	-0.72	0.03	226.37	1.71	40.94
0.35	-0.85	0.40	292.63	23.37	50.10
0.37	0.64	0.67	59.78	41.96	55.06
-0.71	-0.19	0.68	195.22	42.93	37.29
-0.11	-0.97	0.21	263.62	12.31	24.41
0.50	0.23	0.84	24.36	56.63	48.72
0.28	0.42	0.86	55.78	59.63	48.14
-0.94	0.33	0.07	160.41	3.85	24.89
0.82	-0.58	0.00	324.66	0.05	23.28
-0.21	-0.97	0.12	257.73	7.06	60.71
0.48	-0.16	0.86	341.17	59.39	62.63
-1.00	-0.05	0.05	182.73	3.04	53.99
0.76	-0.20	0.62	345.58	38.16	25.37
-0.16	-0.93	0.33	260.33	19.47	40.44
-0.16	-0.93	0.33	260.33	19.47	40.44
-0.14	-0.78	0.61	259.65	37.66	35.71
0.80	0.52	0.31	32.98	18.25	42.24
0.63	0.30	0.71	25.52	45.58	21.24
0.56	-0.12	0.82	347.88	55.07	75.04
0.73	0.66	0.18	42.45	10.50	45.31
-0.12	0.81	0.57	98.72	34.80	42.58
1.00	0.08	0.03	4.87	1.54	19.85
0.59	0.66	0.48	48.24	28.47	66.14
0.45	0.88	0.15	62.99	8.86	41.52
-0.44	-0.65	0.63	235.80	38.72	68.74
-0.69	-0.63	0.35	222.30	20.44	34.71
-0.39	0.43	0.81	131.74	54.50	16.57
-0.90	0.12	0.41	172.18	24.22	42.70
0.74	0.26	0.62	19.27	38.09	6.73
0.89	-0.13	0.45	351.63	26.48	61.47
0.69	-0.58	0.43	320.15	25.22	77.60
0.80	0.26	0.54	17.73	32.95	96.21
-0.57	0.39	0.72	146.05	46.35	68.88
0.48	0.62	0.62	52.47	38.44	96.81
0.74	-0.38	0.56	332.67	34.09	18.83
0.74	-0.38	0.56	332.67	34.09	18.83
0.24	0.73	0.64	71.68	40.02	46.31
-0.01	-0.95	0.31	269.27	17.79	75.42
-0.17	-0.81	0.56	258.36	33.97	33.06
0.57	-0.82	0.02	304.75	1.39	14.21
0.41	-0.05	0.91	353.55	65.93	69.82
0.97	0.13	0.22	7.53	12.61	58.24
0.92	-0.37	0.12	337.90	6.67	82.08
0.60	-0.54	0.59	317.78	36.48	70.55
0.83	0.43	0.35	27.60	20.39	69.09
0.30	0.29	0.91	43.82	65.45	59.07
0.63	0.21	0.74	18.09	48.09	64.81
0.52	-0.09	0.85	349.62	58.25	27.67
-0.44	-0.88	0.18	243.51	10.41	32.51
0.89	-0.26	0.37	343.40	21.98	24.95
0.89	0.09	0.44	5.62	25.97	11.11
0.89	0.09	0.44	5.62	25.97	11.11
0.07	0.84	0.54	85.24	32.56	41.06
0.07	0.84	0.54	85.24	32.56	41.06
-0.46	0.37	0.81	140.82	53.67	11.66
0.82	-0.47	0.32	330.14	18.49	91.92
0.08	-0.69	0.72	276.82	46.18	95.73
0.09	-0.56	0.83	279.09	55.78	65.06
-0.44	0.01	0.90	179.05	64.17	44.00
-0.65	-0.71	0.28	227.74	16.33	70.17
0.87	-0.43	0.25	333.82	14.73	27.08
0.69	0.69	0.22	44.74	12.79	72.32
-0.68	-0.72	0.11	226.42	6.56	49.60
0.18	0.52	0.83	71.13	56.36	100.57
-0.17	0.58	0.80	105.85	52.75	45.95
-0.03	-0.92	0.39	267.88	23.04	40.95
0.85	0.16	0.50	10.86	30.28	17.66
-0.07	-0.10	0.99	235.71	82.88	17.63
0.74	0.36	0.56	25.80	34.20	63.72
0.67	0.59	0.45	41.54	26.78	70.02
0.80	-0.37	0.47	335.25	27.86	7.92
0.87	-0.49	0.03	330.74	2.00	58.73
-0.34	0.88	0.33	111.39	18.97	71.71
0.45	0.32	0.83	35.46	56.23	63.21
-0.32	-0.83	0.45	249.02	26.98	61.02
0.08	-0.96	0.26	274.79	15.02	32.82
-0.25	0.89	0.39	105.76	22.95	60.06
0.59	-0.09	0.80	351.63	53.52	44.73
-0.94	0.31	0.11	161.71	6.48	62.23
0.87	-0.30	0.39	341.19	23.04	32.78
0.87	-0.30	0.39	341.19	23.04	32.78
-0.00	0.85	0.53	90.02	32.30	33.13
0.60	0.33	0.73	28.85	46.89	58.25
0.60	0.33	0.73	28.85	46.89	58.25
-0.96	0.29	0.02	163.22	1.36	61.29
0.77	0.09	0.63	6.99	38.84	83.31
-0.75	-0.62	0.23	219.50	13.47	75.85
0.28	-0.77	0.58	290.20	35.16	42.40
-0.32	-0.39	0.86	230.30	59.86	77.14
-0.32	-0.39	0.86	230.30	59.86	77.14
0.07	0.68	0.73	84.37	46.65	57.26
0.19	-0.27	0.95	305.32	70.94	69.94
-0.91	-0.09	0.39	185.55	23.20	53.87
-0.91	-0.09	0.39	185.55	23.20	53.87
0.36	0.47	0.81	53.17	53.66	59.15
0.96	-0.29	0.04	343.12	2.17	60.03
-0.01	0.39	0.92	91.03	67.19	43.47
0.33	0.22	0.92	34.41	66.57	60.67
-0.36	-0.12	0.93	198.41	67.96	59.22
-0.36	-0.12	0.93	198.41	67.96	59.22
0.00	0.93	0.38	89.87	22.32	57.99
0.00	0.93	0.38	89.87	22.32	57.99
0.33	-0.82	0.48	291.81	28.43	27.19
0.45	-0.75	0.48	300.89	28.40	101.47
0.24	0.56	0.79	66.51	52.51	50.24
0.24	0.56	0.79	66.51	52.51	50.24
0.40	0.42	0.82	46.49	54.77	63.73
0.40	0.42	0.82	46.49	54.77	63.73
-0.42	-0.46	0.78	227.15	51.44	39.55
0.56	-0.77	0.29	306.00	17.11	62.26
0.70	-0.41	0.58	329.81	35.73	32.41
-0.26	-0.89	0.38	253.75	22.42	28.98
0.58	-0.78	0.23	306.48	13.56	61.36
0.36	-0.88	0.31	292.42	18.05	25.13
0.85	0.33	0.41	21.05	24.18	76.40
-0.05	0.87	0.49	93.05	29.27	9.69
-0.09	0.68	0.72	97.64	46.28	43.52
0.20	0.72	0.66	74.30	41.34	36.85
0.20	0.72	0.66	74.30	41.34	36.85
0.23	0.97	0.01	76.64	0.72	12.91
0.23	0.97	0.01	76.64	0.72	12.91
0.60	0.62	0.51	46.02	30.82	34.25
0.58	-0.65	0.50	311.68	29.94	55.10
-0.68	-0.63	0.38	223.03	22.47	45.04
0.96	0.23	0.14	13.40	8.18	62.58
0.86	0.33	0.39	21.25	22.75	65.62
0.86	0.33	0.39	21.25	22.75	65.62
0.36	-0.88	0.31	292.42	18.05	25.13
0.49	-0.46	0.74	317.05	47.76	94.35
-0.33	0.86	0.39	111.38	23.26	76.84
0.09	0.36	0.93	75.25	68.42	59.55
0.25	0.55	0.80	65.92	53.06	25.74
-0.03	0.99	0.11	91.47	6.44	52.28
-0.17	-0.86	0.48	258.59	28.48	28.69
-0.34	-0.77	0.55	246.34	33.18	60.01
-0.34	-0.77	0.55	246.34	33.18	60.01
0.86	0.17	0.48	11.41	28.69	39.24
0.65	-0.75	0.12	311.26	6.89	56.01
-0.11	-0.79	0.61	262.04	37.43	86.27
-0.84	-0.15	0.52	190.20	31.63	84.55
0.81	0.55	0.19	34.32	10.96	62.51
-0.98	0.13	0.12	172.51	6.73	62.30
0.54	-0.48	0.69	318.61	43.78	27.58
0.47	-0.47	0.75	314.65	48.54	66.87
0.98	0.15	0.11	8.47	6.33	7.75
0.98	0.15	0.11	8.47	6.33	7.75
-0.13	-0.24	0.96	241.22	73.82	20.70
0.31	0.51	0.81	58.64	53.65	44.76
0.14	0.92	0.35	81.29	20.71	36.56
0.89	-0.08	0.45	355.18	26.85	36.98
-0.60	0.74	0.30	128.87	17.28	64.72
-0.96	-0.00	0.28	180.02	16.25	59.57
-0.01	-0.06	1.00	257.71	86.57	33.05
0.46	0.23	0.86	26.29	59.43	57.43
0.27	0.96	0.06	74.54	3.72	70.68
0.85	0.33	0.41	21.05	24.18	76.40
0.67	-0.49	0.56	323.57	34.13	64.55
-0.25	0.05	0.97	168.12	75.10	75.13
-0.76	-0.45	0.47	210.67	27.79	67.78
-0.29	0.94	0.16	107.14	9.13	70.89
-0.18	-0.65	0.74	254.62	47.60	95.11
-0.50	0.81	0.30	121.49	17.22	37.03
0.67	-0.33	0.66	333.89	41.41	37.55
-0.68	-0.60	0.42	221.60	24.98	48.56
0.44	-0.87	0.24	296.79	13.99	47.32
-0.61	-0.68	0.40	227.81	23.73	56.13
0.74	0.58	0.33	38.07	19.40	56.96
0.79	-0.58	0.20	324.08	11.25	102.93
-0.27	0.26	0.93	135.74	67.84	42.89
0.88	-0.40	0.25	335.43	14.40	31.73
0.81	-0.58	0.14	324.51	7.85	59.75
-0.20	0.96	0.17	101.77	9.72	83.43
0.92	-0.30	0.26	342.13	14.91	38.43
0.35	-0.75	0.56	295.40	34.21	54.26
-0.01	-0.97	0.23	269.38	13.44	59.68
0.00	1.00	0.04	89.97	2.02	33.50
-0.36	-0.58	0.73	238.05	46.65	60.85
0.60	-0.28	0.75	334.86	48.57	45.38
-0.69	0.63	0.35	137.60	20.52	30.65
0.63	0.48	0.61	36.90	37.45	25.94
0.85	0.33	0.41	21.05	24.18	76.40
-0.33	-0.93	0.17	250.61	9.73	36.93
-0.65	-0.71	0.28	227.74	16.33	70.17
0.24	-0.12	0.96	333.33	74.42	67.87
0.39	-0.81	0.44	295.49	26.10	94.29
0.86	0.47	0.18	28.82	10.11	53.46
-0.94	-0.31	0.10	198.38	5.63	76.18
-0.84	0.48	0.25	150.05	14.66	39.15
-0.36	-0.64	0.68	240.71	42.87	62.04
0.85	0.16	0.50	10.86	30.28	17.66
0.97	0.13	0.18	7.43	10.54	24.01
-0.73	-0.67	0.08	222.59	4.47	87.80
0.17	-0.30	0.94	299.82	69.55	45.85
-0.32	0.63	0.71	116.85	45.06	67.02
-0.14	0.21	0.97	123.22	75.34	51.01
-0.14	0.21	0.97	123.22	75.34	51.01
-0.27	0.96	0.07	105.92	3.94	30.91
-0.66	-0.01	0.75	180.59	48.62	50.13
-0.66	-0.01	0.75	180.59	48.62	50.13
-0.30	-0.78	0.56	248.94	33.84	84.36
0.83	0.18	0.52	11.88	31.54	57.42
0.65	0.10	0.76	8.93	49.16	56.32
-0.31	-0.78	0.55	248.44	33.10	32.07
-0.46	-0.88	0.10	242.55	5.86	75.06
-0.15	-0.91	0.38	260.75	22.54	57.50
-0.15	-0.91	0.38	260.75	22.54	57.50
-0.80	0.52	0.31	147.09	18.09	50.16
0.33	0.83	0.44	68.17	26.41	8.34
-0.05	0.79	0.61	93.62	37.75	11.42
-0.94	0.19	0.28	168.58	16.28	65.70
-0.18	-0.89	0.42	258.40	24.88	54.28
0.69	0.46	0.55	33.78	33.37	55.84
-0.46	0.68	0.58	124.18	35.22	38.68
-0.59	0.54	0.60	137.36	37.05	33.69
-0.45	0.60	0.66	127.01	41.34	43.02
0.19	0.65	0.73	74.17	47.16	92.90
-0.63	-0.47	0.62	217.00	38.41	47.73
-0.35	-0.49	0.80	234.48	53.16	34.80
0.55	-0.46	0.70	320.02	44.41	69.24
-0.03	0.40	0.92	94.55	66.46	12.62
-0.86	-0.49	0.09	209.78	5.02	44.46
0.90	0.41	0.12	24.34	6.80	46.76
-0.30	0.82	0.49	110.31	29.55	76.99
0.25	0.96	0.12	75.53	6.67	44.95
0.21	-0.06	0.98	344.60	77.70	44.18
-0.28	0.96	0.08	106.27	4.64	11.17
0.29	-0.61	0.74	295.98	47.68	45.02
0.77	-0.34	0.54	336.31	32.60	24.67
0.32	0.03	0.95	5.98	71.21	51.33
-0.06	-0.22	0.97	254.79	77.03	69.96
0.29	0.25	0.92	41.66	67.51	70.73
-0.51	-0.64	0.57	231.72	34.97	53.45
-0.93	-0.23	0.28	194.14	16.30	37.35
-0.79	0.10	0.60	172.90	36.99	66.77
-0.79	0.10	0.60	172.90	36.99	66.77
0.17	-0.30	0.94	299.82	69.55	45.85
-0.33	-0.86	0.40	249.15	23.44	77.87
-0.44	-0.73	0.52	239.27	31.57	42.78
0.29	0.32	0.90	47.18	64.30	36.97
-0.74	-0.38	0.56	207.37	33.75	63.02
0.80	0.58	0.13	35.72	7.75	36.78
0.58	-0.34	0.74	330.00	47.68	60.35
0.56	-0.68	0.47	309.80	28.20	47.07
0.89	-0.43	0.16	334.15	8.94	62.04
-0.78	0.63	0.01	140.81	0.34	31.60
0.51	-0.55	0.65	312.89	40.85	74.48
-0.12	-0.54	0.83	257.21	56.29	38.52
0.43	-0.41	0.81	316.31	53.71	37.17
-0.37	0.86	0.36	113.37	21.00	67.72
0.16	0.67	0.72	76.81	46.16	110.42
0.16	0.67	0.72	76.81	46.16	110.42
-0.97	0.20	0.11	168.49	6.39	26.38
0.99	0.00	0.11	0.02	6.34	41.14
0.96	0.25	0.13	14.80	7.49	75.18
0.81	0.44	0.39	28.71	23.04	43.31
0.51	-0.55	0.65	312.89	40.85	74.48
-0.80	0.53	0.29	146.68	16.70	87.54
-0.37	0.92	0.11	112.04	6.32	58.78
-0.96	0.05	0.29	176.91	16.72	42.17
0.56	0.15	0.82	15.58	54.75	60.13
-0.32	-0.17	0.93	207.73	68.92	54.18
0.88	-0.20	0.43	346.88	25.48	11.43
-0.83	-0.46	0.32	209.27	18.93	72.76
0.73	-0.60	0.32	320.57	18.61	14.68
-0.64	0.67	0.38	133.85	22.47	19.05
-0.64	0.67	0.38	133.85	22.47	19.05
0.29	-0.81	0.50	289.91	29.96	74.64
-0.89	0.16	0.42	169.64	24.85	45.05
-0.95	-0.04	0.32	182.40	18.68	71.80
-0.76	0.63	0.19	140.42	10.90	42.21
-0.88	-0.46	0.09	207.32	5.12	26.03
-0.44	-0.78	0.45	240.58	26.90	51.35
0.86	0.48	0.18	29.40	10.38	26.99
0.58	-0.65	0.49	311.45	29.31	50.73
-0.11	-0.99	0.02	263.87	1.15	56.09
0.53	0.19	0.83	20.15	55.75	50.32
-0.20	-0.61	0.77	251.61	49.91	35.53
-0.82	-0.40	0.41	206.09	24.09	67.59
-0.28	0.72	0.63	111.54	39.41	51.37
0.06	-0.98	0.18	273.51	10.17	55.42
-0.09	-0.09	0.99	225.26	82.45	55.20
-0.86	0.50	0.11	149.66	6.34	19.43
-0.10	0.54	0.83	100.28	56.39	20.19
-0.44	0.72	0.54	121.04	32.41	7.91
-0.44	0.72	0.54	121.04	32.41	7.91
-0.44	0.72	0.54	121.04	32.41	7.91
-0.44	0.72	0.54	121.04	32.41	7.91
0.97	0.18	0.17	10.70	9.68	38.86
0.97	0.18	0.17	10.70	9.68	38.86
0.42	0.45	0.79	47.49	51.91	23.63
-0.64	0.26	0.72	157.90	46.44	39.24
0.62	0.16	0.77	14.54	50.50	68.93
-0.87	-0.44	0.22	206.53	12.58	10.09
-0.56	0.36	0.75	147.29	48.22	28.30
0.58	-0.34	0.74	329.93	47.76	60.01
-0.62	-0.79	0.04	231.88	2.52	31.78
-0.95	0.21	0.25	167.50	14.32	65.57
0.99	-0.08	0.09	355.43	5.38	22.73
0.84	0.51	0.16	31.33	8.97	77.36
-0.97	0.15	0.17	171.15	9.59	58.65
0.54	-0.67	0.52	308.86	31.11	58.05
-0.11	-0.99	0.02	263.87	1.15	56.09
-0.65	0.72	0.25	131.79	14.31	42.42
0.86	0.35	0.37	21.87	21.46	62.37
0.74	0.67	0.07	42.04	4.05	83.49
0.38	0.38	0.84	44.63	57.36	74.04
-0.76	-0.34	0.56	203.88	33.78	75.09
-0.76	-0.34	0.56	203.88	33.78	75.09
-0.76	-0.34	0.56	203.88	33.78	75.09
-0.61	-0.28	0.74	204.76	47.93	84.07
-0.26	0.92	0.28	105.64	16.44	16.31
-0.93	-0.35	0.13	200.48	7.72	72.29
0.82	0.01	0.58	0.84	35.40	47.28
-0.06	0.67	0.74	94.90	47.64	23.38
0.48	-0.63	0.61	307.64	37.75	77.31
-0.60	-0.35	0.72	210.28	46.13	73.14
-0.83	-0.31	0.46	200.58	27.70	72.68
-0.81	-0.49	0.32	210.91	18.96	66.79
-0.81	-0.55	0.18	214.22	10.14	96.19
0.52	0.84	0.16	58.11	8.96	68.05
0.82	-0.19	0.53	346.75	32.21	62.29
0.00	-0.87	0.49	270.29	29.62	69.73
0.00	-0.87	0.49	270.29	29.62	69.73
0.00	-0.87	0.49	270.29	29.62	69.73
0.00	-0.87	0.49	270.29	29.62	69.73
0.09	-0.80	0.59	276.70	36.11	8.30
-0.73	-0.65	0.19	221.63	11.04	29.84
-0.52	0.56	0.65	132.84	40.57	23.07
-0.66	-0.56	0.49	220.49	29.62	62.16
0.50	-0.48	0.72	315.97	46.28	60.18
0.09	-0.91	0.40	275.84	23.74	20.81
0.86	0.34	0.37	21.71	21.57	59.75
0.86	0.34	0.37	21.71	21.57	59.75
0.01	-0.85	0.52	270.51	31.48	22.52
0.01	-0.85	0.52	270.51	31.48	22.52
-0.35	0.92	0.16	110.58	9.40	57.88
-0.35	0.92	0.16	110.58	9.40	57.88
0.08	0.47	0.88	80.82	61.88	15.80
-0.51	-0.69	0.52	233.67	31.37	43.02
-1.00	-0.03	0.04	181.86	2.15	40.02
-0.89	-0.39	0.22	203.55	12.91	21.60
0.06	0.59	0.80	84.36	53.51	36.56
0.24	0.66	0.72	70.30	45.65	74.44
-0.58	-0.44	0.68	216.76	43.15	16.36
-0.56	0.16	0.81	163.57	54.37	34.31
0.36	0.17	0.92	24.93	66.47	67.36
0.97	-0.23	0.10	346.88	5.81	51.26
0.83	0.41	0.38	26.61	22.52	82.34
0.96	0.09	0.28	5.57	16.23	87.01
-0.14	0.73	0.67	100.60	41.86	39.47
-0.30	-0.93	0.22	252.09	12.70	19.47
-0.93	-0.09	0.36	185.73	20.90	64.93
0.87	-0.02	0.49	358.94	29.38	11.66
-0.97	-0.23	0.10	193.48	5.47	40.46
-0.73	-0.43	0.53	210.74	32.19	55.04
0.97	0.05	0.25	3.18	14.68	30.23
0.47	-0.12	0.87	345.41	60.69	22.13
-0.99	-0.02	0.10	181.32	5.80	28.54
-0.99	-0.02	0.10	181.32	5.80	28.54
-0.12	0.81	0.57	98.06	34.62	74.09
0.79	-0.49	0.38	328.17	22.13	49.36
-0.90	0.29	0.32	162.33	18.71	54.23
0.62	0.77	0.19	51.18	10.66	24.27
0.97	0.25	0.07	14.40	4.28	48.69
-0.98	-0.06	0.17	183.39	9.56	59.18
-0.41	0.88	0.25	114.98	14.32	13.93
0.82	0.50	0.26	31.43	15.32	29.38
0.86	0.47	0.19	28.92	11.22	75.93
0.45	0.83	0.33	61.70	19.12	73.49
-0.41	0.88	0.25	114.98	14.32	13.93
-0.53	-0.85	0.00	237.81	0.15	50.75
0.52	-0.84	0.13	301.92	7.56	67.01
0.02	0.85	0.53	88.79	31.75	5.62
0.34	0.10	0.93	16.56	69.10	63.94
0.25	-0.95	0.19	284.71	11.15	35.91
0.25	-0.95	0.19	284.71	11.15	35.91
0.83	0.30	0.46	19.59	27.64	37.06
-0.91	0.21	0.36	167.08	21.10	63.10
0.60	-0.76	0.27	308.31	15.69	34.13
-0.30	-0.93	0.20	251.92	11.59	19.67
0.53	-0.67	0.51	308.41	30.89	58.02
0.61	0.09	0.79	8.32	51.96	12.26
0.48	0.54	0.69	48.66	43.60	21.68
0.76	0.22	0.61	16.02	37.74	71.22
1.00	0.07	0.07	3.88	4.11	62.15
0.52	0.85	0.07	58.75	4.00	93.77
0.75	-0.61	0.28	320.94	16.05	41.50
0.19	-0.94	0.28	281.25	16.11	71.22
0.25	-0.93	0.25	284.95	14.67	50.77
0.49	0.76	0.43	57.28	25.52	54.79
-0.63	-0.77	0.10	230.92	5.48	26.51
-0.79	-0.47	0.39	210.92	22.85	24.60
-0.79	-0.47	0.39	210.92	22.85	24.60
0.97	-0.22	0.14	347.44	8.11	20.55
-0.08	-1.00	0.05	265.24	2.84	42.89
-0.66	-0.32	0.68	205.54	42.61	48.27
-0.66	-0.32	0.68	205.54	42.61	48.27
-0.34	-0.45	0.83	232.52	55.74	58.87
0.84	-0.35	0.41	337.24	24.19	25.73
-0.75	-0.66	0.07	221.52	4.22	55.07
0.12	0.38	0.92	72.44	66.67	36.94
-0.89	-0.13	0.45	188.27	26.58	21.03
0.98	-0.16	0.15	350.79	8.41	29.35
0.96	0.08	0.27	4.77	15.51	26.63
0.95	-0.16	0.28	350.30	16.35	29.74
-0.15	0.42	0.90	110.01	63.54	49.22
-0.61	0.61	0.51	134.79	30.80	16.82
0.89	0.13	0.43	8.45	25.21	66.88
0.77	0.57	0.29	36.62	16.60	26.64
-0.93	0.33	0.14	160.70	7.96	61.55
-0.33	0.47	0.82	125.50	55.08	49.08
0.51	0.25	0.82	26.02	55.50	62.82
-0.69	0.27	0.67	158.75	42.02	57.28
0.53	-0.34	0.78	327.41	50.81	6.83
-0.78	0.25	0.58	161.95	35.33	57.25
0.43	0.12	0.90	15.74	63.52	42.80
0.23	0.96	0.18	76.58	10.41	51.06
0.92	-0.29	0.28	342.69	16.18	21.33
0.46	0.59	0.66	51.93	41.53	46.73
-0.76	-0.21	0.62	195.65	38.15	45.55
0.91	-0.34	0.22	339.70	12.76	30.11
-0.48	-0.29	0.83	211.21	55.98	32.52
0.13	-0.27	0.95	295.05	72.70	36.43
0.89	-0.43	0.17	334.15	9.88	61.97
0.86	-0.43	0.29	333.45	16.65	21.48
0.22	-0.93	0.28	283.29	16.26	54.43
0.10	0.90	0.42	83.57	24.57	66.74
-0.07	0.99	0.08	93.75	4.78	72.49
0.11	-0.35	0.93	287.77	68.76	37.93
0.92	-0.37	0.12	338.17	6.78	42.49
-0.45	0.85	0.27	117.85	15.69	97.06
-0.93	0.28	0.24	163.28	13.83	19.89
-0.40	-0.19	0.90	205.49	63.51	63.74
-0.75	0.48	0.45	147.48	26.56	67.60
-0.45	0.85	0.27	117.85	15.69	97.06
0.82	0.50	0.26	31.43	15.32	29.38
0.77	0.57	0.29	36.62	16.60	26.64
-0.83	-0.56	0.05	213.90	2.65	77.40
-0.95	0.09	0.31	174.34	17.79	75.19
-0.94	0.15	0.30	170.77	17.48	74.82
0.46	-0.78	0.42	300.35	24.88	74.76
0.28	0.95	0.13	73.75	7.67	68.78
0.67	-0.61	0.42	317.75	24.69	60.42
-0.98	0.02	0.20	178.59	11.25	66.05
-0.37	-0.65	0.66	240.75	41.64	60.19
-0.24	-0.56	0.79	247.16	52.26	61.41
0.77	0.57	0.29	36.62	16.60	26.64
-0.60	0.77	0.20	127.96	11.40	68.36
0.17	0.97	0.20	80.13	11.40	20.63
-0.74	-0.67	0.07	222.27	3.81	31.98
0.49	-0.07	0.87	351.56	60.30	46.41
0.28	-0.56	0.78	296.63	51.34	67.65
0.86	-0.08	0.50	354.93	29.81	29.41
-0.08	0.85	0.52	95.44	31.61	11.32
-0.17	0.68	0.72	103.86	45.72	19.73
0.11	0.47	0.88	76.70	61.06	28.13
0.08	-0.86	0.50	275.38	30.01	58.82
0.74	0.46	0.49	31.59	29.07	74.38
0.92	0.19	0.33	11.49	19.55	56.94
0.52	-0.32	0.79	327.88	52.33	33.34
0.21	-0.97	0.11	282.16	6.14	20.31
-0.37	0.90	0.23	112.64	13.28	33.88
-0.45	-0.89	0.02	243.09	1.38	48.62
0.73	-0.68	0.06	316.75	3.47	17.69
-0.75	-0.47	0.47	211.82	27.92	17.99
-0.67	0.51	0.54	142.52	32.73	36.40
-0.79	0.28	0.55	160.10	33.21	28.57
-0.44	0.82	0.37	118.15	21.77	81.56
-0.07	-0.40	0.91	260.86	65.83	60.90
0.18	0.98	0.10	79.46	5.77	69.57
-0.01	-0.23	0.97	266.41	76.58	11.97
0.94	0.32	0.07	18.93	4.01	21.28
-0.05	-0.58	0.81	264.83	54.55	60.93
0.94	0.29	0.19	16.92	11.06	14.79
-0.54	-0.37	0.76	214.01	49.07	27.87
-0.81	-0.45	0.37	208.72	21.82	21.70
0.21	-0.36	0.91	300.84	65.21	50.60
-0.83	-0.43	0.36	207.28	21.37	21.89
0.50	-0.07	0.86	351.52	59.74	46.62
