7.703790527343750227e+02 1.005161240234374986e+03
2.735631738281250023e+02 9.883910839843749727e+02
1.033460878906249945e+03 7.965824218750000227e+02
4.506979492187500114e+01 6.760469238281249318e+02
4.737569140624999591e+02 6.477472851562499727e+02
1.991456054687499844e+01 6.466991503906249363e+02
1.169718398437499900e+03 6.393622070312500227e+02
2.725150390625000085e+01 6.246883203124999682e+02
7.336943359374999751e+00 6.225920507812500091e+02
5.607520996093750227e+02 5.880036035156249454e+02
5.638965039062500182e+02 5.880036035156249454e+02
2.599374218749999841e+02 5.188267089843749318e+02
9.957280273437500284e+01 4.643237011718749727e+02
9.055884374999999409e+02 4.486016796874999955e+02
1.876161230468750034e+02 3.899061328125000045e+02
1.291302031250000027e+03 3.563658203124999773e+02
5.188267089843749318e+02 3.301624511718749773e+02
6.592767675781250318e+02 2.253489746093750057e+02
6.142069726562499454e+02 4.611792968749999488e+01
