5.066036796536797056e+02 7.087619047619048160e+02
3.398835497835498245e+02 5.734528138528138470e+02
1.465848484848484929e+02 5.436525974025973937e+02
4.244517316017316375e+02 5.347930735930735864e+02
3.060562770562770751e+01 5.315714285714285552e+02
5.525121212121212011e+02 5.041874458874459037e+02
6.564101731601732581e+02 4.929116883116883514e+02
3.543809523809524364e+01 3.745162337662337677e+02
3.503538961038961475e+02 3.696837662337662778e+02
6.088909090909090764e+02 3.559917748917749236e+02
7.007077922077922949e+01 1.481956709956710085e+02
1.739688311688311728e+02 1.506119047619047819e+02
