# Column 1:   Selected grain boundary location of the input sample
# Column 2:   Void parameter value
# Column 3:   Distance from the grain boundary to the void
# Column 4:   Void ID
# Column 5:   Sorted GB by distance from the center of the void

849	1	1.666410236683356	0	2
850	0.9	6.520925694263994	0	3
888	-1	6.640783086353596	0	0
897	1	0.468164588784522	0	1
1804	1	6.667964079570536	1	2
1872	1	6.667948594698258	1	1
84	1	6.283256348807327	2	3
141	1	6.000000000000000	2	2
142	-1	5.000000000000000	2	0
174	1	2.104939246336870	2	1
2734	1	0.781094298563943	3	1
2747	0.9	2.236067977499790	3	2
2764	-1	3.000000000000000	3	0
2774	0.9	4.437601569801833	3	3
2673	0.4	13.000000000000000	4	8
2674	1	2.000000000000000	4	1
2706	-1	11.000000000000000	4	0
2708	-1	2.743977362280141	4	0
2709	0.5	9.961393366299975	4	7
2710	0.7	7.194014606174091	4	6
2722	0.7	7.164267769511922	4	5
2732	-1	0.894427190999916	4	0
2733	-1	6.000000000000000	4	0
2747	0.9	4.024922359499621	4	2
2752	-1	2.236067977499790	4	0
2757	-1	2.000000000000000	4	0
2758	0.8	6.355841510883938	4	3
2773	0.8	7.069979871584883	4	4
1276	0.9	1.843908891458578	5	2
1348	1	1.200000000000000	5	1
1351	0.9	4.708712618358970	5	3
1869	0.8	3.904344047215152	6	3
1879	0.4	10.795912380986195	6	7
1883	-1	30.000000000000000	6	0
1884	0.05	23.345163188448737	6	18
1885	0.05	20.015196929036399	6	14
1893	0.05	22.946425899003565	6	16
1903	0.3	13.323974703022836	6	8
1932	0.05	22.955295595023870	6	17
1933	0.05	20.881958236125293	6	15
1934	0.7	6.571986856039432	6	4
1947	-1	0.000000000000000	6	0
1948	-1	17.392527130926084	6	0
1956	-1	10.000000000000000	6	0
1962	0.5	10.257459218210895	6	6
1963	0.0	18.857617985778610	6	13
1964	-1	3.535533905932737	6	0
1996	-1	2.000000000000000	6	0
1997	-1	12.000000000000000	6	0
2002	-1	6.790997501017324	6	0
2003	1	0.000000000000000	6	1
2018	0.0	18.605210188381271	6	12
2023	-1	10.429031876562318	6	0
2024	-1	10.606601717798211	6	0
2025	0.6	8.834820544530265	6	5
2048	-1	9.192388155425117	6	0
2051	0.9	2.743977362280141	6	2
2052	0.0	18.249636455810037	6	11
2066	0.2	14.879697759208868	6	9
2088	0.1	16.641005886756872	6	10
2090	0.05	27.854300726557781	6	19
2132	0.4	11.558903383222841	7	10
2176	0.8	6.200000000000000	7	4
2197	0.6	10.242950394631679	7	6
2205	1	0.485071250072666	7	1
2217	-1	5.000000000000000	7	0
2218	0.4	11.168807816469810	7	9
2219	-1	5.000000000000000	7	0
2220	-1	1.341640786499874	7	0
2222	-1	5.000000000000000	7	0
2223	0.9	1.764705882352941	7	2
2224	-1	13.312804709405500	7	0
2229	0.8	6.222539674441618	7	5
2230	-1	5.000000000000000	7	0
2231	0.4	11.079444857963585	7	8
2236	0.6	10.356530884362915	7	7
2243	0.8	3.780206717268092	7	3
1021	1	4.861091044425732	8	1
1054	0.8	10.000000000000000	8	4
1165	-1	4.472135954999580	8	0
1166	0.9	7.310552682428690	8	3
1178	-1	2.000000000000000	8	0
1179	0.9	6.000000000000000	8	2
489	0.9	6.578553964419059	10	2
569	0.6	15.531605494306415	10	6
579	-1	5.000000000000000	10	0
598	-1	9.391485505499116	10	0
600	-1	5.000000000000000	10	0
601	1	0.632455532033676	10	1
605	0.8	7.000000000000000	10	3
606	0.7	10.992425139982590	10	5
607	0.7	8.134892168199606	10	4
1113	0.8	5.769143685844939	11	3
1124	-1	0.707106781186547	11	0
1156	1	4.110960958218893	11	1
1158	-1	8.000000000000000	11	0
1159	0.9	4.696834918287135	11	2
1160	0.8	12.222901818269687	11	4
1587	0.8	2.654953952106303	12	3
1599	0.2	4.402355499610876	12	10
1640	-1	3.000000000000000	12	0
1642	0.9	1.581138830084190	12	2
1643	0.7	4.110960958218893	12	4
1664	-1	10.000000000000000	12	0
1665	1	9.851875936057024	12	2
1666	0.7	6.245342103861833	12	5
1562	0.9	1.414213562373095	14	3
1665	1	1.249864857559473	14	2
1682	1	0.299812675598345	14	1
1434	0.3	18.229030719585992	15	8
1435	1	0.557086014531156	15	1
1450	0.3	18.843624698577020	15	9
1496	-1	10.285912696499032	15	0
1497	-1	13.435028842544401	15	0
1545	0.8	8.699147040697081	15	3
1556	-1	1.664100588675687	15	0
1557	-1	1.264911064067352	15	0
1560	0.8	9.000000000000000	15	4
1561	0.4	17.290396890739370	15	7
1563	-1	11.926054218842427	15	0
1568	-1	12.074767078498864	15	0
1577	0.9	4.024922359499621	15	2
1578	-1	21.399999999999999	15	0
1581	0.6	13.416617233025919	15	5
1586	0.5	15.104216985773327	15	6
1595	-1	5.200000000000000	15	0
1599	0.2	25.330476259299505	15	10
2032	0.4	18.384776310850235	16	8
2081	0.7	10.606601717798211	16	5
2094	0.3	20.066067348225697	16	9
2101	0.05	25.000000000000000	16	12
2102	0.8	7.841756862140748	16	4
2103	0.6	14.708710135363804	16	6
2111	1	0.054473471070284	16	1
2120	-1	8.049844718999243	16	0
2121	0.5	16.664102366833557	16	7
2124	-1	10.000000000000000	16	0
2138	0.2	21.638232708659420	16	11
2140	0.05	25.342715302116311	16	13
2157	-1	12.000000000000000	16	0
2189	0.9	2.011435198964418	16	2
2193	0.3	20.788310324647508	16	10
2214	0.8	3.292342491293864	16	3
2821	0.05	21.355957554671321	17	13
2862	0.3	11.881033605607394	17	8
2924	-1	25.000000000000000	17	0
2925	0.9	3.130495168499706	17	2
2926	-1	25.000000000000000	17	0
2927	0.2	14.000000000000000	17	10
2930	0.1	18.726583551380891	17	11
2941	0.6	10.590271297461939	17	6
2994	1	2.197769023179025	17	1
3010	0.8	4.961389383568338	17	3
3020	0.6	10.229792209456097	17	5
3025	0.7	7.042028396309279	17	4
3030	0.05	20.081832585697949	17	12
3031	0.5	10.749451835882317	17	7
3034	0.3	13.462178274797843	17	9
963	0.05	1.230793030996079	18	13
1111	0.8	8.061017305526642	18	3
1130	-1	0.948683298050514	18	0
1136	-1	3.130495168499706	18	0
1145	1	4.110960958218893	18	1
1146	-1	2.000000000000000	18	0
1155	-1	8.000000000000000	18	0
1157	0.9	7.280109889280518	18	2
1180	0.7	13.856592461322345	18	5
1181	0.7	12.133244140908877	18	4
827	1	2.153846153846154	19	1
872	0.6	12.745130684476466	19	7
885	0.6	12.473621802664709	19	6
899	0.3	14.388029212348181	19	10
900	0.05	20.878805720200731	19	12
903	0.3	14.168549241563847	19	9
910	-1	12.969194269498779	19	0
946	0.7	8.538149682454623	19	5
953	-1	3.577708763999663	19	0
954	0.5	13.312804709405500	19	8
961	0.8	7.829552145075275	19	4
962	0.9	4.163157182867065	19	3
963	0.05	23.602266359101279	19	13
975	0.1	16.199999999999999	19	11
1006	-1	9.391485505499116	19	0
1016	0.9	2.363515791475006	19	2
3040	0.7	12.288522372570565	20	4
3052	0.8	8.870454954412761	20	3
3076	0.9	5.895067838245651	20	2
3077	0.6	15.465525589252531	20	5
3078	-1	2.000000000000000	20	0
3089	-1	0.000000000000000	20	0
3097	-1	0.000000000000000	20	0
3107	1	1.581138830084190	20	1
3109	-1	0.000000000000000	20	0
3132	-1	4.919349550499537	20	0
3145	-1	0.742781352708207	20	0
3169	-1	4.000000000000000	20	0
3185	0.6	17.599105283716280	20	6
2234	0.3	15.434872662825796	21	9
2235	0.6	9.943960626489652	21	7
2248	-1	15.205262246998569	21	0
2249	-1	6.260990336999411	21	0
2250	-1	7.211102550927979	21	0
2251	0.6	9.863939238321437	21	6
2252	-1	7.602631123499284	21	0
2256	0.6	10.000000000000000	21	8
2257	0.8	4.353253917718463	21	3
2279	1	1.373605639486890	21	1
2290	0.9	2.000000000000000	21	2
2305	-1	9.000000000000000	21	0
2306	-1	9.803060746521975	21	0
2310	-1	2.121320343559642	21	0
2316	-1	10.000000000000000	21	0
2317	-1	9.216353751380653	21	0
2318	-1	8.049844718999243	21	0
2319	-1	7.600000000000000	21	0
2320	-1	1.000000000000000	21	0
2335	0.7	5.129554441384094	21	4
2344	0.7	6.471832459560073	21	5
1716	1	1.697749375254331	22	1
1828	0.9	3.000000000000000	22	3
1832	1	1.765045216243657	22	2
2297	-1	1.414213562373095	23	0
