2.980000000000000000e+02
3.560000000000000000e+02
3.660000000000000000e+02
4.460000000000000000e+02
4.590000000000000000e+02
1.426000000000000000e+03
1.522000000000000000e+03
1.555000000000000000e+03
1.940000000000000000e+03
1.952000000000000000e+03
1.976000000000000000e+03
1.979000000000000000e+03
2.023000000000000000e+03
2.102000000000000000e+03
2.103000000000000000e+03
2.265000000000000000e+03
2.480000000000000000e+03
2.481000000000000000e+03
2.482000000000000000e+03
2.571000000000000000e+03
2.688000000000000000e+03
2.719000000000000000e+03
3.073000000000000000e+03
3.176000000000000000e+03
3.185000000000000000e+03
3.186000000000000000e+03
3.208000000000000000e+03
3.774000000000000000e+03
3.785000000000000000e+03
3.810000000000000000e+03
