1.850000000000000000e+02
3.610000000000000000e+02
4.520000000000000000e+02
4.730000000000000000e+02
4.790000000000000000e+02
4.850000000000000000e+02
5.430000000000000000e+02
1.013000000000000000e+03
1.014000000000000000e+03
1.052000000000000000e+03
1.136000000000000000e+03
1.191000000000000000e+03
1.325000000000000000e+03
1.356000000000000000e+03
2.073000000000000000e+03
2.291000000000000000e+03
2.315000000000000000e+03
2.324000000000000000e+03
3.019000000000000000e+03
3.065000000000000000e+03
3.192000000000000000e+03
