5.900705664062500091e+02 1.315773466796875027e+03
2.740612109374999932e+02 1.300392480468749909e+03
4.166849023437499682e+02 1.297595937499999991e+03
4.474468749999999773e+01 1.117218916015624927e+03
4.544382324218750000e+02 1.057093242187499982e+03
5.173604492187499915e+01 5.383345214843749318e+02
5.830792089843749864e+02 3.845246582031250000e+02
2.153338085937499784e+02 1.524115917968750011e+02
2.069441796874999966e+02 1.608012207031249829e+02
1.468185058593749943e+02 1.188530761718749886e+02
