6.775748046875000341e+01 1.007016347656249991e+03
1.530384472656249955e+02 8.458002734374999818e+02
1.016362207031250023e+03 6.355184375000000045e+02
2.920581054687500000e+01 5.806115136718749454e+02
2.616840624999999818e+02 5.876209082031249409e+02
1.179914746093749955e+03 4.848164550781249886e+02
8.236038574218749773e+02 4.532741796875000091e+02
8.715013867187500409e+02 4.439283203124999773e+02
1.014025742187499986e+03 4.042084179687499841e+02
2.511699707031249886e+02 3.878531640625000136e+02
9.065483593750000182e+02 3.750026074218749841e+02
1.764030957031249898e+02 3.586473535156250136e+02
3.925260937499999727e+02 3.317780078124999932e+02
2.500017382812499989e+02 3.165909863281249841e+02
8.422955761718750409e+02 3.212639160156250000e+02
1.168232421875000071e+01 2.651887597656249795e+02
8.761743164062500000e+01 2.675252246093750159e+02
1.892536523437499909e+02 2.126183007812499852e+02
3.551426562500000159e+02 1.635525390624999886e+02
