4.190000000000000000e+02
4.220000000000000000e+02
4.330000000000000000e+02
4.330000000000000000e+02
4.360000000000000000e+02
4.360000000000000000e+02
4.370000000000000000e+02
4.370000000000000000e+02
4.500000000000000000e+02
5.060000000000000000e+02
5.070000000000000000e+02
5.080000000000000000e+02
8.620000000000000000e+02
8.980000000000000000e+02
9.350000000000000000e+02
9.600000000000000000e+02
9.660000000000000000e+02
9.700000000000000000e+02
9.740000000000000000e+02
9.770000000000000000e+02
9.780000000000000000e+02
9.790000000000000000e+02
9.850000000000000000e+02
1.011000000000000000e+03
1.034000000000000000e+03
1.351000000000000000e+03
1.397000000000000000e+03
1.402000000000000000e+03
1.414000000000000000e+03
1.473000000000000000e+03
