# Column 1-3: misorientation axis in TSL Euler coordinates
# Column 4: alpha (in plane angle)
# Column 5: beta (out of plane angle)
# Column 6: misorientation angle
-1.00	-0.05	0.02	182.86	1.37	45.08
-0.88	0.47	0.01	152.06	0.43	42.18
0.97	-0.15	0.19	351.08	10.66	44.10
-0.15	0.19	0.97	127.51	76.00	13.87
0.84	-0.38	0.38	335.82	22.28	29.29
0.82	0.51	0.24	32.02	13.82	22.65
0.73	-0.37	0.58	332.82	35.22	50.99
-0.01	-0.77	0.63	269.44	39.31	43.56
-0.81	0.32	0.49	158.74	29.18	84.38
-0.84	0.32	0.44	159.38	26.30	86.02
-0.83	-0.41	0.39	206.18	22.92	57.85
0.44	-0.44	0.78	314.61	51.70	27.22
0.76	0.42	0.50	28.88	29.79	57.03
0.38	0.58	0.72	56.54	45.74	97.11
0.51	0.65	0.56	51.84	34.22	91.70
-0.96	-0.28	0.01	196.04	0.52	62.75
-0.93	0.36	0.05	158.67	2.60	71.71
0.19	0.81	0.56	77.01	34.06	25.76
-0.86	-0.03	0.50	182.15	30.11	15.96
-0.51	-0.21	0.83	201.97	56.54	25.93
-0.42	0.20	0.89	154.08	62.39	59.94
-0.64	0.27	0.72	157.41	46.35	64.27
0.99	0.02	0.13	1.14	7.64	69.28
-0.13	-0.99	0.02	262.27	0.91	29.88
0.90	0.36	0.25	22.15	14.54	66.07
0.01	0.52	0.86	89.17	58.95	53.48
-0.95	-0.12	0.30	186.96	17.55	55.63
-0.76	0.27	0.60	160.18	36.62	53.93
-0.98	-0.03	0.19	181.58	10.77	22.27
0.77	0.62	0.15	39.10	8.70	31.79
-0.64	-0.55	0.54	220.33	32.40	46.04
0.91	-0.31	0.26	341.29	15.11	33.63
0.93	-0.36	0.09	338.66	4.88	74.85
-0.85	0.48	0.19	150.61	11.09	33.40
-0.88	-0.37	0.28	202.97	16.10	22.82
0.75	0.60	0.28	38.37	16.42	22.44
0.91	0.10	0.40	6.44	23.31	42.53
0.88	-0.10	0.46	353.26	27.66	70.42
0.92	0.08	0.39	4.90	23.23	43.09
0.30	0.59	0.75	63.09	48.32	37.24
0.75	0.54	0.39	35.93	22.85	27.65
0.25	0.62	0.75	67.63	48.22	6.54
0.68	-0.31	0.66	335.94	41.44	53.82
-0.49	0.18	0.86	159.62	58.77	12.06
0.22	-0.85	0.48	284.41	28.76	40.14
-0.12	0.85	0.51	97.69	30.46	46.98
1.00	-0.07	0.05	355.93	2.73	65.04
0.84	-0.43	0.32	332.70	18.94	84.74
0.25	0.48	0.84	62.30	57.51	61.08
0.34	-0.33	0.88	315.75	62.04	78.50
-0.05	0.95	0.32	92.96	18.58	17.53
0.47	-0.79	0.40	300.66	23.82	34.97
0.92	0.21	0.33	13.06	19.02	50.05
0.03	0.90	0.45	88.28	26.43	68.70
0.35	0.78	0.51	65.83	30.89	60.68
0.78	0.51	0.36	33.06	20.91	34.38
-0.12	0.94	0.33	97.44	19.14	58.76
0.58	0.62	0.53	46.86	31.80	89.76
0.84	-0.54	0.07	327.44	4.15	75.02
0.00	-0.42	0.91	270.52	65.12	15.98
-0.18	-0.86	0.47	258.53	28.30	16.37
0.22	0.26	0.94	49.81	70.03	23.17
0.67	0.27	0.69	22.05	43.44	8.25
-0.53	0.17	0.83	161.72	56.41	16.05
-0.48	-0.64	0.60	233.30	37.09	12.54
0.80	0.50	0.32	32.07	18.70	82.05
0.23	0.83	0.51	74.73	30.74	100.91
-0.62	-0.77	0.14	231.06	8.32	63.76
-0.30	0.95	0.13	107.40	7.51	73.26
0.38	-0.55	0.75	304.48	48.49	56.13
0.53	0.77	0.36	55.65	20.94	66.93
0.79	0.50	0.35	31.97	20.56	45.00
0.70	0.16	0.70	12.99	44.44	54.75
-0.78	-0.00	0.63	180.31	38.69	32.70
-0.93	0.25	0.28	164.83	16.53	42.11
0.69	0.59	0.42	40.38	25.07	53.59
0.58	0.66	0.48	48.57	28.61	59.79
-0.39	0.82	0.43	115.50	25.28	57.02
0.10	0.58	0.81	79.96	53.74	73.65
-0.31	0.72	0.63	113.19	38.92	111.78
0.60	-0.15	0.79	346.27	51.82	35.44
-0.00	0.01	1.00	107.04	89.32	32.35
-0.71	-0.29	0.64	202.26	40.05	41.36
-0.97	-0.25	0.03	194.65	1.69	59.94
0.79	-0.53	0.31	326.34	17.83	36.77
0.44	0.87	0.22	62.90	12.95	80.99
0.68	0.30	0.67	24.12	42.22	69.45
-0.65	0.51	0.57	142.06	34.68	4.91
0.99	0.13	0.01	7.71	0.73	42.12
0.93	-0.32	0.15	340.96	8.89	36.79
-0.98	0.14	0.15	171.76	8.61	50.85
-0.98	0.14	0.15	171.76	8.61	50.85
0.78	-0.31	0.55	338.46	33.24	25.80
-0.69	0.72	0.08	134.14	4.52	34.98
0.93	0.33	0.17	19.31	10.05	36.19
0.98	0.05	0.18	3.19	10.66	60.39
0.19	-0.39	0.90	296.73	64.41	35.29
-0.67	-0.60	0.43	221.68	25.51	46.98
0.83	-0.32	0.45	339.11	26.99	74.01
-0.92	0.11	0.37	173.07	21.68	47.73
0.01	0.93	0.36	89.40	21.13	62.37
0.48	0.46	0.75	44.24	48.22	8.61
0.48	0.46	0.75	44.24	48.22	8.61
-0.21	0.87	0.45	103.68	26.86	66.94
0.98	-0.21	0.01	347.84	0.50	15.85
0.10	0.77	0.63	82.33	39.19	59.65
0.45	0.74	0.50	58.38	30.10	57.45
0.01	0.99	0.10	89.17	5.86	62.19
-0.88	0.45	0.14	152.82	8.04	70.71
-1.00	-0.01	0.09	180.66	5.43	52.62
-0.87	0.28	0.41	162.19	24.27	54.25
-0.98	0.09	0.19	174.78	11.02	48.03
0.73	0.52	0.45	35.63	26.80	76.28
0.16	0.14	0.98	41.30	77.43	58.69
0.16	0.14	0.98	41.30	77.43	58.69
-0.01	-0.98	0.19	269.56	11.04	59.66
0.07	-0.99	0.08	274.16	4.48	70.38
0.95	-0.32	0.03	341.48	1.93	50.51
-0.87	0.48	0.10	150.94	5.63	71.08
0.79	0.49	0.36	31.65	21.33	64.76
0.54	0.27	0.80	26.32	52.68	59.15
0.06	0.65	0.76	85.08	49.39	52.85
-0.14	0.96	0.26	98.09	14.82	9.87
-0.02	0.82	0.57	91.29	34.90	44.56
0.72	-0.63	0.28	318.90	16.53	23.10
-0.46	0.74	0.49	121.86	29.66	70.31
0.04	0.91	0.42	87.71	24.59	58.19
0.04	0.91	0.42	87.71	24.59	58.19
0.96	0.26	0.07	15.14	3.91	64.91
0.96	0.26	0.07	15.14	3.91	64.91
0.70	-0.16	0.70	347.04	44.08	7.65
0.56	0.58	0.59	46.06	35.81	86.35
0.81	-0.22	0.55	345.05	33.15	44.74
-0.82	-0.55	0.18	213.80	10.08	23.48
0.33	0.66	0.67	63.25	42.05	72.12
0.33	0.66	0.67	63.25	42.05	72.12
-0.19	0.91	0.36	101.85	21.39	76.81
0.88	0.47	0.07	27.99	4.12	27.19
-0.97	0.23	0.11	166.80	6.42	23.73
0.23	0.34	0.91	55.66	65.42	25.53
0.04	0.86	0.52	87.43	31.09	30.65
0.78	-0.30	0.55	338.81	33.30	25.15
0.25	-0.04	0.97	350.36	75.11	21.94
0.13	-0.82	0.55	278.76	33.55	13.28
0.13	-0.82	0.55	278.76	33.55	13.28
0.13	-0.82	0.55	278.76	33.55	13.28
-0.95	-0.19	0.24	191.19	13.83	48.53
-0.51	-0.84	0.19	238.90	10.86	73.12
-0.51	-0.84	0.19	238.90	10.86	73.12
-0.20	-0.68	0.71	253.59	44.99	79.06
-0.33	0.92	0.23	109.70	13.38	59.17
0.15	0.98	0.11	81.21	6.16	31.21
0.17	0.86	0.48	78.65	28.44	60.92
-0.58	0.57	0.58	135.17	35.45	23.67
-0.39	-0.87	0.31	245.55	18.02	53.04
0.83	-0.32	0.45	339.11	26.99	74.01
-0.85	0.51	0.11	149.23	6.26	69.22
0.84	-0.48	0.27	330.23	15.60	85.82
0.88	-0.45	0.14	333.25	7.96	61.92
0.88	-0.45	0.14	333.25	7.96	61.92
-0.97	0.16	0.19	170.44	10.77	55.73
-0.97	0.16	0.19	170.44	10.77	55.73
-0.97	0.16	0.19	170.44	10.77	55.73
-0.63	0.74	0.22	130.37	12.81	33.11
0.30	-0.25	0.92	320.45	67.00	44.90
0.39	0.28	0.88	35.18	61.47	11.79
0.13	0.62	0.77	78.40	50.50	99.63
0.86	0.23	0.46	14.76	27.48	52.44
0.10	0.84	0.53	82.97	31.77	54.27
0.10	0.84	0.53	82.97	31.77	54.27
0.08	0.09	0.99	49.32	83.10	43.80
-0.48	0.55	0.68	131.38	43.19	50.72
-0.48	0.55	0.68	131.38	43.19	50.72
0.27	0.55	0.79	64.06	52.41	71.54
-0.76	0.65	0.01	139.14	0.64	99.24
-0.33	-0.84	0.44	248.18	25.84	52.60
-0.90	-0.24	0.37	195.25	21.54	47.02
-0.93	-0.06	0.36	183.48	20.92	68.33
0.74	0.65	0.14	41.25	7.96	20.33
0.02	-0.96	0.27	270.99	15.67	28.03
-0.40	0.81	0.43	116.07	25.48	40.26
0.63	0.35	0.69	29.26	43.90	61.94
0.86	0.43	0.29	26.37	16.76	86.75
-0.83	0.52	0.17	147.97	10.00	73.83
-0.63	0.14	0.77	167.71	50.22	6.52
0.17	0.79	0.58	78.24	35.79	13.33
0.38	-0.88	0.27	293.43	15.54	8.12
-0.39	0.42	0.82	132.38	55.07	62.54
-0.47	-0.45	0.75	223.65	49.00	25.04
-0.72	0.42	0.56	149.65	33.87	57.97
-0.34	-0.72	0.61	244.33	37.39	59.60
-0.22	0.22	0.95	134.96	72.27	62.84
-0.99	-0.11	0.01	186.07	0.37	49.01
-0.28	0.80	0.52	109.26	31.55	51.84
0.95	0.28	0.11	16.13	6.54	48.21
-0.97	0.09	0.21	174.49	12.04	67.46
-0.61	0.43	0.67	144.52	41.90	68.96
0.50	-0.76	0.42	303.42	24.94	55.53
-0.48	-0.80	0.35	239.09	20.27	55.73
-0.97	-0.19	0.17	191.00	9.78	11.64
-0.87	0.17	0.45	168.94	27.03	37.08
0.91	0.32	0.28	19.41	16.06	17.14
-0.69	0.03	0.73	177.55	46.53	20.62
-0.77	0.57	0.30	143.44	17.39	32.26
0.92	0.24	0.31	14.83	18.21	71.20
-0.97	0.05	0.24	176.80	13.89	62.07
0.82	0.32	0.47	21.59	28.35	85.07
-0.97	-0.21	0.11	192.04	6.43	12.47
-0.97	-0.21	0.11	192.04	6.43	12.47
0.31	0.89	0.34	71.06	19.89	30.54
-0.20	0.90	0.39	102.38	22.81	66.35
-0.01	0.84	0.54	90.47	32.61	71.79
0.72	0.55	0.43	37.20	25.25	78.21
-0.06	0.99	0.14	93.61	7.92	41.60
0.99	-0.03	0.10	358.21	5.84	79.44
0.39	0.58	0.72	56.06	45.77	45.73
0.03	0.60	0.80	87.52	53.29	27.05
0.47	-0.88	0.11	297.93	6.53	27.81
-0.23	-0.37	0.90	238.02	64.04	66.18
-0.23	-0.37	0.90	238.02	64.04	66.18
-0.99	-0.08	0.10	184.70	5.83	77.72
0.44	-0.89	0.11	296.56	6.47	42.71
0.21	0.91	0.36	77.30	20.83	30.39
-0.04	-0.51	0.86	265.17	59.55	38.67
-0.50	0.32	0.80	147.29	53.50	51.56
-0.99	0.11	0.00	173.95	0.21	44.50
0.16	0.71	0.68	77.49	43.12	41.18
-0.89	0.20	0.40	167.67	23.80	37.71
0.85	0.05	0.52	3.12	31.65	50.77
0.67	0.47	0.58	35.12	35.44	28.57
-0.99	-0.07	0.16	184.28	8.93	36.42
0.99	0.12	0.05	7.04	2.70	36.43
0.34	-0.36	0.87	312.96	60.42	25.60
-0.84	-0.09	0.54	185.89	32.50	56.20
0.91	0.18	0.38	11.35	22.50	23.75
-0.58	-0.59	0.56	225.66	34.16	22.59
0.41	0.85	0.33	64.11	19.43	63.77
0.67	0.47	0.58	35.12	35.44	28.57
0.43	0.64	0.64	56.03	39.54	63.50
0.43	0.64	0.64	56.03	39.54	63.50
-0.83	-0.53	0.18	212.42	10.12	69.02
-1.00	0.07	0.03	176.14	1.46	48.41
0.76	-0.12	0.64	350.80	39.48	60.28
0.76	-0.12	0.64	350.80	39.48	60.28
0.80	-0.37	0.48	334.96	28.50	26.66
-0.34	0.14	0.93	158.04	68.49	30.44
-0.97	0.19	0.17	168.92	9.97	47.61
-0.97	0.19	0.17	168.92	9.97	47.61
-0.97	0.19	0.17	168.92	9.97	47.61
0.88	0.10	0.47	6.63	28.12	16.11
0.07	0.78	0.62	84.94	38.46	69.87
-0.25	0.68	0.69	110.44	43.56	69.63
-0.16	-0.74	0.65	257.71	40.88	63.25
-0.88	-0.41	0.26	204.97	14.82	53.22
-0.48	-0.32	0.82	213.60	55.07	59.45
-0.06	0.99	0.13	93.63	7.52	35.72
-0.06	0.99	0.13	93.63	7.52	35.72
0.69	-0.37	0.61	331.70	37.90	59.42
-0.15	-0.98	0.13	261.49	7.44	70.32
0.98	0.18	0.04	10.19	2.29	19.81
-0.03	0.67	0.74	92.95	48.03	18.53
-0.89	0.33	0.31	159.95	18.19	29.31
0.98	0.18	0.04	10.19	2.29	19.81
0.87	-0.26	0.42	343.61	24.73	23.83
-0.66	-0.10	0.74	188.79	47.80	40.54
-1.00	0.05	0.06	177.02	3.67	46.99
0.54	0.75	0.39	54.25	22.77	36.21
0.89	-0.46	0.04	332.40	2.44	41.08
0.45	0.85	0.28	62.18	16.24	26.67
-0.09	-0.05	1.00	209.06	84.31	41.57
-0.09	-0.05	1.00	209.06	84.31	41.57
-0.25	0.69	0.68	109.61	43.00	9.85
-0.96	0.19	0.20	168.73	11.67	22.90
-0.96	0.19	0.20	168.73	11.67	22.90
-0.99	-0.09	0.09	185.17	5.08	69.62
0.93	0.28	0.23	16.56	13.15	84.69
-0.98	-0.21	0.05	191.89	3.00	67.76
0.53	0.07	0.84	7.51	57.66	14.03
-0.94	0.02	0.33	178.85	19.27	57.74
-0.38	0.83	0.41	114.89	24.31	75.48
-0.70	-0.38	0.61	208.13	37.24	35.88
-0.36	0.81	0.47	114.07	27.84	12.41
-0.99	0.05	0.13	177.14	7.52	63.87
-0.99	0.05	0.13	177.14	7.52	63.87
-0.85	0.04	0.53	177.38	31.92	7.92
-0.27	0.04	0.96	170.52	74.34	70.26
-0.51	0.33	0.79	147.27	52.41	87.13
-0.51	0.33	0.79	147.27	52.41	87.13
0.58	-0.19	0.79	342.06	52.61	39.75
0.58	-0.19	0.79	342.06	52.61	39.75
-0.75	0.64	0.14	139.61	8.28	44.35
-0.74	-0.55	0.40	216.78	23.40	54.47
0.22	0.47	0.85	65.22	58.51	51.93
0.43	0.40	0.81	42.77	54.20	55.87
-0.50	0.68	0.53	126.56	32.09	63.84
-0.44	-0.59	0.67	233.61	42.43	35.86
-0.34	-0.26	0.90	217.10	64.74	23.96
-0.76	0.53	0.38	145.10	22.61	11.46
-0.94	0.28	0.18	163.70	10.66	58.11
0.25	0.70	0.66	70.12	41.55	30.20
0.87	0.47	0.18	28.36	10.53	69.14
-0.52	0.70	0.50	126.83	29.72	69.03
-0.52	0.70	0.50	126.83	29.72	69.03
0.78	0.59	0.20	36.74	11.80	26.61
-0.90	-0.42	0.07	204.93	3.94	35.22
-0.77	-0.55	0.33	215.33	19.51	34.75
0.68	0.69	0.23	45.46	13.05	43.88
0.68	0.69	0.23	45.46	13.05	43.88
0.52	0.62	0.58	49.96	35.41	51.45
0.19	0.71	0.68	74.90	42.89	71.32
-0.61	0.16	0.78	165.42	51.22	17.90
0.74	0.64	0.22	40.78	12.86	53.35
0.64	0.70	0.30	47.60	17.37	29.63
-0.33	-0.47	0.82	235.04	54.85	47.37
0.73	-0.30	0.62	337.66	38.13	60.16
-0.93	0.03	0.38	178.39	22.16	71.41
-0.38	-0.64	0.66	239.57	41.59	67.00
-0.93	0.04	0.36	177.69	21.06	63.61
-0.53	0.85	0.03	121.94	1.77	84.97
-0.10	0.80	0.59	97.37	36.25	117.05
-0.73	0.66	0.18	137.82	10.52	32.06
0.49	-0.74	0.46	303.75	27.48	24.16
0.49	-0.74	0.46	303.75	27.48	24.16
-0.88	0.47	0.09	151.83	5.14	56.83
0.13	-0.62	0.78	281.78	50.91	50.39
0.55	-0.62	0.56	311.51	34.10	68.33
-0.63	-0.73	0.27	229.01	15.43	23.44
0.08	0.50	0.86	81.04	59.72	22.48
0.08	0.50	0.86	81.04	59.72	22.48
-0.77	0.03	0.64	177.94	39.68	72.34
0.02	0.09	1.00	74.99	84.51	29.01
0.45	0.75	0.49	58.63	29.16	14.35
0.45	0.75	0.49	58.63	29.16	14.35
0.04	-0.96	0.27	272.41	15.94	51.58
0.28	0.30	0.91	47.04	65.79	57.04
0.40	0.68	0.62	59.52	38.30	97.94
-0.92	0.25	0.30	164.68	17.65	48.37
-0.94	-0.21	0.26	192.84	14.79	64.01
0.84	0.39	0.39	24.70	22.65	69.79
0.84	0.39	0.39	24.70	22.65	69.79
-0.68	-0.69	0.24	225.33	13.84	82.98
-0.69	-0.69	0.21	224.66	12.39	59.61
-0.69	-0.69	0.21	224.66	12.39	59.61
0.81	-0.51	0.29	327.45	17.09	56.72
0.81	-0.51	0.29	327.45	17.09	56.72
0.81	-0.51	0.29	327.45	17.09	56.72
-0.90	-0.26	0.34	196.27	19.90	46.78
0.30	-0.95	0.12	287.35	6.89	60.86
-0.50	0.68	0.54	126.21	32.45	64.08
0.54	0.75	0.39	54.22	22.87	36.76
-0.61	0.70	0.37	131.25	22.02	84.90
-0.12	-0.99	0.01	263.00	0.39	58.89
0.49	-0.86	0.13	299.71	7.66	35.95
0.50	-0.15	0.85	343.60	58.30	61.02
0.89	-0.46	0.02	332.83	1.01	92.44
0.89	-0.46	0.02	332.83	1.01	92.44
0.32	-0.88	0.36	289.80	21.14	72.39
0.32	-0.88	0.36	289.80	21.14	72.39
-0.40	0.85	0.34	114.93	20.11	94.01
-0.40	0.85	0.34	114.93	20.11	94.01
-0.74	0.62	0.25	140.28	14.45	70.77
-0.96	0.08	0.25	175.04	14.57	40.19
0.87	0.34	0.36	21.61	21.12	35.11
-0.13	-0.69	0.71	259.73	45.42	39.21
0.02	0.86	0.51	88.39	30.90	85.19
-0.89	0.03	0.45	178.01	26.74	42.34
-0.89	0.27	0.36	163.37	20.95	50.30
-0.24	-0.75	0.61	252.22	37.57	61.84
-0.98	0.14	0.12	171.75	7.07	75.76
-0.89	0.46	0.03	152.60	1.54	61.00
-0.68	0.71	0.20	133.62	11.35	83.71
-0.16	-0.37	0.92	246.52	66.24	82.41
0.16	0.97	0.16	80.91	9.38	62.16
0.16	0.97	0.16	80.91	9.38	62.16
-0.80	0.32	0.51	158.18	30.89	59.85
0.22	0.91	0.36	76.63	21.13	26.13
-0.42	-0.70	0.58	239.15	35.39	16.38
0.73	0.14	0.67	11.18	42.27	73.24
0.87	0.10	0.48	6.41	28.40	64.23
0.87	0.10	0.48	6.41	28.40	64.23
-0.84	0.31	0.44	159.51	26.38	72.87
0.43	0.84	0.33	63.04	19.52	27.29
0.64	-0.16	0.75	345.81	48.35	42.83
-0.71	0.52	0.47	143.49	28.33	42.76
0.28	0.95	0.13	73.72	7.61	22.73
-0.98	-0.12	0.14	187.11	7.88	65.77
-0.99	0.12	0.11	173.13	6.38	57.73
-0.60	0.68	0.43	131.57	25.53	55.18
-0.18	0.84	0.51	102.13	30.82	15.13
-0.87	0.12	0.47	172.50	28.14	63.22
0.70	0.55	0.45	37.82	26.83	13.45
-0.87	0.12	0.47	172.50	28.14	63.22
-0.98	-0.07	0.17	184.24	10.07	83.52
0.71	-0.70	0.08	315.64	4.69	52.18
-0.06	0.96	0.26	93.61	14.99	49.86
0.95	-0.09	0.30	354.58	17.56	48.51
0.83	0.48	0.29	29.80	16.92	55.80
-0.99	-0.10	0.12	185.55	6.64	32.56
-0.99	-0.10	0.12	185.55	6.64	32.56
-0.89	0.14	0.43	171.26	25.45	76.79
-0.81	0.57	0.13	144.99	7.24	51.42
-0.47	0.30	0.83	147.43	55.73	40.09
0.78	-0.63	0.02	321.14	1.00	49.70
0.93	-0.35	0.09	339.39	5.17	74.29
0.20	0.63	0.75	72.57	48.45	66.54
0.20	0.63	0.75	72.57	48.45	66.54
0.89	0.42	0.15	25.15	8.84	51.35
0.45	0.67	0.59	56.54	36.00	41.48
0.88	0.45	0.14	26.73	7.76	81.74
-0.12	-0.10	0.99	218.94	81.03	61.27
-0.04	0.44	0.90	95.48	63.80	99.88
-0.84	-0.23	0.50	195.52	29.69	55.47
0.89	-0.45	0.05	333.47	3.04	37.45
0.89	-0.45	0.05	333.47	3.04	37.45
0.60	-0.76	0.26	308.09	14.96	74.40
0.09	-0.67	0.74	278.02	47.57	49.06
0.80	-0.35	0.48	336.60	28.83	56.12
0.75	-0.66	0.03	318.32	1.97	58.02
-0.45	0.73	0.51	121.81	30.54	73.46
-0.91	0.33	0.25	160.14	14.54	78.93
0.81	-0.59	0.02	323.83	1.04	82.71
0.63	0.76	0.17	50.63	9.61	21.25
-0.78	0.07	0.63	174.59	38.77	85.15
-0.39	-0.53	0.75	233.52	48.42	99.06
-0.61	-0.32	0.73	207.57	46.86	83.06
-0.86	0.08	0.50	174.42	30.00	79.45
0.43	-0.88	0.17	296.18	9.74	54.14
-0.91	-0.41	0.02	204.38	1.18	58.19
0.15	0.10	0.98	32.24	79.64	72.06
-0.13	-0.95	0.27	262.00	15.55	56.08
-0.91	-0.09	0.40	185.42	23.73	27.80
0.73	-0.68	0.04	317.12	2.12	36.94
-0.56	0.65	0.52	130.66	31.43	12.80
-0.20	-0.43	0.88	245.17	61.91	41.09
0.34	0.93	0.10	69.90	5.53	74.02
0.51	0.86	0.07	59.28	3.87	41.05
0.90	0.40	0.16	23.89	9.39	39.39
0.82	-0.57	0.03	325.39	1.60	98.85
-0.88	0.47	0.04	152.11	2.24	16.31
-0.70	-0.71	0.11	225.49	6.07	19.91
-0.66	-0.33	0.68	206.35	42.75	15.32
-0.52	-0.83	0.19	238.15	11.21	69.53
0.15	-0.70	0.70	281.66	44.04	12.77
-0.35	-0.76	0.55	245.52	33.09	86.07
-0.55	0.04	0.84	176.03	56.79	50.98
-0.53	-0.85	0.01	238.27	0.78	58.91
-0.92	0.11	0.37	173.24	21.45	57.60
0.89	0.23	0.39	14.17	22.93	73.88
-0.21	0.45	0.87	114.37	60.08	45.19
-0.27	0.37	0.89	126.41	62.92	14.26
-0.95	-0.06	0.31	183.36	18.29	65.82
-0.57	0.69	0.44	129.61	25.82	91.38
-0.27	0.93	0.26	106.29	14.79	15.77
-0.27	0.93	0.26	106.29	14.79	15.77
-0.95	-0.31	0.00	198.21	0.05	29.09
0.73	-0.44	0.52	328.84	31.31	79.17
0.08	-0.32	0.94	283.48	70.80	40.25
0.81	0.17	0.56	11.48	33.90	77.65
0.38	-0.92	0.10	292.16	5.73	64.45
-0.95	-0.31	0.00	198.21	0.05	29.09
-0.28	0.26	0.93	137.23	67.80	68.43
0.26	-0.87	0.42	286.42	24.79	69.59
-0.66	0.28	0.70	157.02	44.49	87.37
-0.57	0.53	0.63	136.96	39.08	97.74
0.88	-0.42	0.21	334.62	11.87	101.75
-0.69	-0.05	0.72	184.10	46.25	79.51
-0.88	0.03	0.47	177.79	27.96	31.06
-0.88	0.03	0.47	177.79	27.96	31.06
-0.17	0.89	0.42	100.68	25.14	36.78
0.93	0.28	0.21	16.89	12.34	42.71
-0.20	0.79	0.59	104.16	35.83	78.57
-0.88	-0.17	0.43	190.94	25.66	82.39
-0.42	-0.77	0.48	241.53	28.38	73.49
-0.42	-0.77	0.48	241.53	28.38	73.49
0.48	0.69	0.54	55.29	32.58	60.39
-0.97	0.07	0.21	175.66	12.19	72.75
0.94	0.32	0.13	18.59	7.64	18.27
-0.48	-0.82	0.30	239.50	17.24	70.25
0.57	0.52	0.64	42.50	39.43	11.76
0.57	0.52	0.64	42.50	39.43	11.76
-0.53	-0.35	0.78	213.45	50.99	83.73
0.66	-0.65	0.37	315.74	21.83	74.97
0.32	0.85	0.41	69.51	24.34	29.37
-0.33	0.58	0.74	119.91	47.83	55.50
-0.79	-0.24	0.57	196.75	34.52	32.27
-0.96	0.24	0.10	165.80	5.64	70.13
-0.90	0.06	0.43	176.31	25.57	78.01
0.09	0.84	0.54	83.98	32.67	6.17
0.09	0.84	0.54	83.98	32.67	6.17
0.72	-0.64	0.26	318.49	15.04	77.44
-0.21	0.58	0.79	109.63	52.27	9.30
-0.62	-0.59	0.52	223.93	31.24	26.88
-0.44	-0.74	0.50	239.06	30.21	65.39
-0.80	0.28	0.54	160.42	32.38	82.40
-0.98	0.20	0.03	168.61	1.93	65.77
0.65	-0.76	0.03	310.94	1.67	36.14
-0.85	0.51	0.12	148.99	6.68	48.90
-0.91	-0.23	0.35	193.98	20.19	26.78
-0.88	0.32	0.35	160.01	20.38	46.64
-0.98	0.14	0.13	171.62	7.55	70.70
-0.21	0.58	0.79	109.63	52.27	9.30
0.05	-0.49	0.87	276.31	60.16	54.96
0.75	0.40	0.53	28.14	31.78	72.12
0.81	0.20	0.55	13.70	33.38	45.76
-0.39	-0.89	0.22	246.55	12.71	78.28
-0.91	0.06	0.42	176.46	24.61	51.02
-0.74	0.29	0.61	158.30	37.36	55.15
-0.92	0.18	0.34	169.09	19.72	74.15
-0.87	0.33	0.37	158.88	21.70	72.36
-0.79	0.17	0.59	168.12	36.38	24.57
0.41	0.08	0.91	11.59	65.50	45.15
-0.61	0.47	0.64	142.59	39.58	52.76
-0.69	-0.58	0.43	219.81	25.24	33.45
-0.69	-0.58	0.43	219.81	25.24	33.45
-0.87	0.49	0.09	150.44	5.40	23.20
0.08	0.96	0.25	85.43	14.73	11.83
0.13	-0.49	0.86	285.05	59.60	17.42
0.80	-0.44	0.40	331.38	23.57	46.84
0.80	-0.44	0.40	331.38	23.57	46.84
0.82	-0.54	0.16	326.57	9.13	86.78
-0.64	0.71	0.29	131.72	17.09	78.61
-0.98	-0.09	0.15	185.15	8.55	19.33
0.13	0.83	0.54	80.91	32.90	12.71
0.29	0.68	0.68	66.42	42.53	89.86
-0.10	0.78	0.62	97.14	38.26	33.48
-0.87	0.33	0.37	158.88	21.70	72.36
-0.86	0.48	0.16	151.07	9.34	70.14
-0.78	-0.61	0.13	218.15	7.40	61.65
0.19	-0.39	0.90	296.58	64.38	31.66
-1.00	-0.06	0.02	183.35	1.13	77.36
-0.80	0.33	0.50	157.47	30.04	50.77
-0.97	-0.00	0.25	180.22	14.68	71.31
-0.99	-0.03	0.10	181.80	5.82	76.79
-0.34	0.91	0.23	110.52	13.54	62.76
0.62	-0.70	0.35	311.26	20.41	67.73
0.86	-0.36	0.35	337.34	20.53	66.59
0.72	-0.52	0.46	323.97	27.35	76.73
0.73	-0.60	0.33	320.48	19.39	81.30
0.73	-0.60	0.33	320.48	19.39	81.30
-0.03	-1.00	0.07	268.35	3.89	59.46
0.78	-0.49	0.39	327.73	22.84	90.96
-0.83	0.38	0.40	155.15	23.77	67.15
0.89	-0.45	0.05	333.47	3.04	37.45
-0.90	-0.01	0.44	180.58	26.00	49.83
0.92	-0.15	0.35	350.76	20.68	63.62
-0.31	0.88	0.36	109.38	20.88	88.07
0.81	0.57	0.13	35.29	7.51	62.38
0.81	0.57	0.13	35.29	7.51	62.38
0.90	-0.39	0.18	336.41	10.55	24.08
0.82	0.20	0.54	13.92	32.42	19.97
0.05	-0.65	0.76	274.27	49.23	9.91
0.05	-0.65	0.76	274.27	49.23	9.91
0.07	0.28	0.96	75.43	73.47	15.12
0.07	0.28	0.96	75.43	73.47	15.12
-0.98	-0.05	0.18	182.95	10.27	49.46
0.53	0.85	0.01	57.79	0.40	13.71
-0.52	-0.31	0.79	211.19	52.56	44.55
-0.52	-0.31	0.79	211.19	52.56	44.55
0.82	-0.56	0.10	325.65	5.62	49.60
-0.97	0.25	0.05	165.73	3.03	78.79
-0.97	0.25	0.05	165.73	3.03	78.79
-0.65	-0.22	0.73	198.39	46.89	31.77
-0.65	-0.22	0.73	198.39	46.89	31.77
-0.63	0.34	0.70	151.66	44.46	37.92
-0.72	0.39	0.58	151.79	35.18	87.90
0.89	0.39	0.26	23.56	14.96	69.24
0.25	0.55	0.80	65.69	52.94	20.24
0.75	0.64	0.16	40.21	9.33	70.69
-0.99	0.10	0.04	174.43	2.13	76.35
0.53	0.50	0.68	43.53	43.23	55.98
-0.89	0.40	0.23	155.58	13.16	36.30
0.01	-0.51	0.86	270.93	59.39	10.41
-0.76	0.37	0.54	154.03	32.80	69.33
-0.76	0.37	0.54	154.03	32.80	69.33
-0.76	0.37	0.54	154.03	32.80	69.33
0.07	0.92	0.39	85.87	23.02	56.91
0.72	0.68	0.14	43.64	8.32	64.31
0.21	0.52	0.83	67.82	55.93	51.87
-0.59	0.69	0.42	130.45	24.74	54.55
-0.98	0.12	0.18	173.28	10.45	76.68
0.15	0.83	0.54	79.48	32.62	34.07
-0.59	-0.80	0.02	233.55	1.30	53.04
0.29	-0.38	0.88	307.34	61.08	24.41
0.73	-0.50	0.47	325.70	27.87	85.25
0.87	0.38	0.31	23.88	18.12	70.01
0.87	0.38	0.31	23.88	18.12	70.01
0.87	0.38	0.31	23.88	18.12	70.01
0.37	0.44	0.82	49.91	55.34	55.14
0.37	0.44	0.82	49.91	55.34	55.14
0.57	-0.80	0.20	305.49	11.82	48.83
-0.49	0.81	0.31	121.17	18.36	89.96
0.97	-0.24	0.03	345.87	1.88	64.71
-0.05	0.04	1.00	141.00	86.19	47.51
0.25	0.48	0.84	62.24	57.42	74.63
0.31	0.82	0.47	69.36	28.24	37.92
-0.94	0.26	0.23	164.41	13.16	50.98
-0.67	0.61	0.43	137.85	25.39	79.32
0.24	-0.97	0.03	283.86	1.85	15.70
-0.30	0.95	0.02	107.27	0.91	55.06
0.17	0.69	0.70	76.34	44.48	87.11
-0.48	-0.55	0.69	229.02	43.51	62.62
0.51	0.74	0.44	55.66	25.85	22.95
0.51	0.74	0.44	55.66	25.85	22.95
0.16	-0.77	0.61	282.04	37.72	25.15
0.82	0.23	0.52	15.88	31.60	50.37
-0.92	-0.31	0.25	198.96	14.59	16.97
-0.92	-0.31	0.25	198.96	14.59	16.97
0.58	0.30	0.76	27.08	49.33	89.91
0.61	-0.59	0.54	315.87	32.45	32.75
0.65	0.61	0.44	43.30	26.28	64.53
0.68	0.64	0.36	43.14	20.87	76.74
0.13	0.83	0.54	80.91	32.90	12.71
-0.80	-0.43	0.41	208.24	24.13	27.40
-0.15	-0.71	0.68	258.38	43.13	64.75
0.91	0.01	0.42	0.49	25.04	61.79
0.64	-0.76	0.12	309.81	6.81	77.10
-0.56	0.50	0.66	138.07	40.98	85.90
-0.87	-0.12	0.48	187.94	28.61	85.09
-0.38	-0.21	0.90	208.50	64.38	65.97
-0.67	0.44	0.60	146.95	36.94	49.85
-0.69	-0.04	0.72	183.71	46.46	53.64
-0.63	-0.71	0.31	228.80	18.28	44.42
0.97	0.22	0.13	12.57	7.70	72.20
0.82	0.57	0.10	34.84	5.70	90.57
-0.92	0.00	0.40	179.95	23.54	59.67
-0.04	0.96	0.27	92.31	15.86	73.56
-0.04	0.96	0.27	92.31	15.86	73.56
-0.68	-0.72	0.14	226.92	7.78	72.08
0.52	-0.45	0.73	319.12	46.74	35.00
0.78	-0.32	0.53	337.64	32.03	61.60
0.25	0.97	0.06	75.77	3.65	43.33
-0.87	-0.04	0.49	182.67	29.19	62.15
0.57	-0.82	0.08	304.73	4.54	62.82
-0.99	0.14	0.03	171.73	1.84	87.18
-0.97	0.22	0.05	167.50	3.08	68.65
-0.33	-0.02	0.94	184.24	70.64	90.20
-0.32	-0.93	0.20	251.15	11.40	51.96
-0.32	-0.93	0.20	251.15	11.40	51.96
-0.46	-0.61	0.64	232.77	39.96	59.98
0.06	-0.68	0.73	275.05	47.02	44.12
-0.68	-0.26	0.68	201.22	43.09	99.77
0.07	0.12	0.99	57.50	81.98	6.71
0.07	0.12	0.99	57.50	81.98	6.71
0.30	-0.77	0.57	291.60	34.60	20.73
-0.95	0.11	0.28	173.66	16.50	80.88
-0.35	0.71	0.61	116.29	37.60	25.72
0.35	0.63	0.69	60.87	43.76	64.77
-0.38	-0.21	0.90	208.50	64.38	65.97
-0.48	0.17	0.86	160.10	59.39	25.30
-0.48	0.17	0.86	160.10	59.39	25.30
0.94	0.34	0.05	19.62	2.98	53.70
-0.16	-0.53	0.83	253.19	56.33	79.40
-0.06	0.57	0.82	96.17	55.05	43.30
-0.44	-0.63	0.64	235.28	40.03	51.54
-0.99	0.12	0.07	172.96	3.80	57.98
0.70	0.67	0.23	43.83	13.12	13.46
0.55	-0.83	0.10	303.80	5.55	66.59
0.14	-0.67	0.72	282.01	46.45	78.09
0.03	0.68	0.73	87.43	47.27	29.68
-0.45	-0.04	0.89	185.38	63.09	81.41
-0.74	-0.10	0.67	187.49	41.83	61.42
-0.16	0.69	0.70	103.09	44.76	84.45
0.35	0.63	0.69	60.87	43.76	64.77
-0.14	0.93	0.35	98.56	20.21	51.54
0.36	-0.74	0.57	296.32	34.80	36.04
-0.91	0.33	0.23	160.20	13.49	16.88
-0.97	0.05	0.25	176.94	14.71	64.56
-0.97	0.05	0.25	176.94	14.71	64.56
-0.97	0.05	0.25	176.94	14.71	64.56
-0.49	0.80	0.36	121.65	20.91	38.61
-0.48	0.30	0.83	148.13	55.74	11.68
-0.52	0.68	0.52	127.50	31.23	23.85
0.89	0.30	0.33	18.45	19.50	38.67
0.60	0.42	0.68	34.91	43.15	58.65
0.95	0.10	0.30	5.73	17.24	27.07
0.87	0.06	0.48	3.81	28.89	60.58
0.49	0.21	0.84	23.45	57.48	60.97
-0.30	-0.08	0.95	195.62	71.84	20.02
0.43	-0.50	0.75	311.20	48.82	19.15
-0.18	-0.67	0.72	254.67	45.79	25.89
0.03	0.86	0.52	87.85	31.11	7.19
0.10	0.73	0.67	81.97	42.37	12.30
-0.68	0.53	0.51	142.25	30.73	18.31
-0.90	0.38	0.22	157.32	12.46	13.42
-0.70	-0.24	0.68	198.66	42.66	52.74
-0.40	0.85	0.34	115.37	20.11	44.62
-0.93	0.12	0.35	172.39	20.76	62.25
-0.99	-0.02	0.16	181.39	9.11	13.74
-0.53	-0.20	0.82	200.84	55.08	73.00
0.23	-0.75	0.62	287.15	38.43	15.37
0.73	0.49	0.47	33.85	28.02	94.96
0.92	0.04	0.40	2.42	23.32	74.35
0.90	0.35	0.27	21.02	15.59	12.84
0.34	-0.63	0.70	298.69	44.54	46.05
0.30	0.27	0.91	42.47	65.97	33.36
-0.53	0.84	0.10	122.49	5.72	65.08
0.97	-0.21	0.12	348.08	6.73	62.88
0.47	0.47	0.74	45.16	48.05	61.00
-0.77	-0.62	0.16	218.87	9.25	15.77
0.40	0.82	0.40	64.03	23.53	72.08
0.40	0.82	0.40	64.03	23.53	72.08
-0.59	-0.80	0.02	233.55	1.30	53.04
-0.17	-0.52	0.84	252.45	56.75	37.96
-0.84	-0.10	0.53	187.07	32.17	42.97
0.09	0.81	0.57	83.36	35.01	93.52
0.90	0.35	0.27	21.02	15.59	12.84
-0.62	-0.22	0.75	199.80	48.91	60.50
0.27	0.77	0.58	70.85	35.77	44.13
-0.69	0.61	0.40	138.57	23.80	66.39
0.84	0.38	0.40	24.28	23.43	50.12
0.65	0.58	0.49	41.33	29.28	73.14
0.24	0.83	0.50	73.79	29.81	68.94
-0.59	-0.80	0.02	233.55	1.30	53.04
0.26	0.96	0.03	74.64	1.78	21.57
-0.10	-0.59	0.80	259.97	53.48	53.04
-0.72	-0.23	0.65	197.91	40.42	95.89
0.26	0.81	0.52	72.27	31.50	29.96
0.02	0.84	0.54	88.34	32.57	64.17
0.49	0.77	0.41	57.35	23.92	41.31
-0.72	0.54	0.44	142.97	26.25	59.96
-0.93	-0.31	0.20	198.65	11.69	57.20
-0.78	0.37	0.50	154.52	30.31	95.10
-0.78	0.37	0.50	154.52	30.31	95.10
0.76	-0.06	0.64	355.60	40.10	34.27
0.58	0.67	0.45	49.08	26.83	89.24
0.67	0.46	0.58	34.82	35.72	62.81
0.66	0.75	0.06	48.92	3.52	63.69
0.48	0.25	0.84	27.87	57.34	51.62
-0.07	0.94	0.34	94.48	19.91	16.10
0.97	0.17	0.15	9.83	8.91	14.09
-0.66	0.69	0.30	134.03	17.22	3.25
-0.95	0.07	0.30	175.85	17.51	52.07
0.56	0.39	0.73	34.75	46.97	57.06
-0.65	-0.50	0.57	217.52	34.95	29.70
0.91	-0.35	0.21	339.13	12.02	35.06
0.53	0.59	0.61	48.15	37.28	72.43
-0.96	-0.26	0.10	195.31	5.83	38.51
-0.07	0.57	0.82	96.92	55.04	19.43
0.47	-0.65	0.59	306.02	36.13	20.81
0.04	0.97	0.26	87.82	15.01	71.40
0.61	-0.63	0.47	314.09	28.31	51.40
0.06	0.32	0.94	80.18	70.87	50.59
0.79	0.41	0.46	27.42	27.28	43.17
0.91	0.28	0.31	16.87	17.87	10.58
0.91	0.28	0.31	16.87	17.87	10.58
-0.73	-0.17	0.66	193.23	41.15	65.32
-0.60	0.69	0.41	130.72	24.08	44.92
0.46	-0.80	0.38	299.86	22.45	60.62
-0.39	0.69	0.61	119.28	37.89	59.18
-0.53	-0.83	0.18	237.46	10.55	42.66
-0.96	-0.29	0.06	196.60	3.54	92.33
-0.05	0.30	0.95	99.72	72.33	20.19
0.45	0.30	0.84	34.00	57.39	73.86
-0.73	-0.46	0.50	212.30	29.81	24.61
0.01	0.99	0.11	89.58	6.15	71.90
-0.79	0.56	0.24	144.76	14.14	94.91
-0.12	0.92	0.38	97.76	22.33	42.44
0.32	0.90	0.29	70.63	16.84	24.62
1.00	0.03	0.05	1.94	2.88	81.03
-0.96	0.20	0.20	168.47	11.75	43.57
-0.86	0.03	0.51	177.98	30.83	42.43
-0.07	0.96	0.26	94.35	15.25	63.65
0.92	0.38	0.12	22.59	7.11	60.38
0.77	0.54	0.34	34.98	20.01	73.02
0.44	-0.90	0.04	295.88	2.03	20.09
-0.39	0.82	0.43	115.76	25.17	57.32
0.10	-0.79	0.61	277.43	37.26	27.48
-0.30	0.44	0.85	124.51	58.00	36.74
0.56	0.60	0.57	47.12	34.94	59.77
0.56	0.60	0.57	47.12	34.94	59.77
-0.68	0.06	0.73	174.76	46.63	62.43
0.49	0.46	0.74	43.57	47.78	12.94
0.30	0.40	0.87	53.13	59.89	65.99
-0.28	0.91	0.29	107.21	16.79	51.47
-0.03	-0.15	0.99	258.85	81.47	35.20
-0.67	0.68	0.30	134.35	17.59	39.91
-0.45	-0.05	0.89	186.02	62.96	38.80
-0.11	0.66	0.75	99.37	48.35	52.13
-0.99	0.04	0.16	177.51	9.45	18.00
-0.07	0.19	0.98	110.04	78.57	39.10
0.18	0.94	0.29	79.42	16.89	12.79
0.77	-0.48	0.42	328.33	25.10	13.28
-0.43	0.30	0.85	144.94	58.54	37.79
0.50	-0.79	0.35	302.16	20.72	44.15
0.29	0.87	0.39	71.44	23.06	74.94
0.63	0.71	0.31	48.65	18.16	52.51
0.63	0.71	0.31	48.65	18.16	52.51
-0.07	-0.39	0.92	260.48	66.42	26.67
-0.46	-0.87	0.20	242.01	11.31	68.19
-0.38	0.92	0.13	112.56	7.25	46.33
0.01	-0.43	0.90	271.45	64.24	16.74
-0.17	-0.30	0.94	239.85	69.89	10.11
0.13	-0.48	0.87	284.91	60.14	47.08
-0.02	-0.57	0.82	267.85	54.96	38.81
0.47	0.43	0.77	42.50	50.59	79.81
-0.02	-0.45	0.89	267.61	63.12	26.12
0.30	-0.44	0.85	304.94	57.83	21.60
0.83	-0.51	0.22	328.65	12.88	32.45
-0.50	-0.85	0.15	239.43	8.90	75.35
0.93	-0.09	0.36	354.68	21.25	67.24
0.10	-0.51	0.85	280.59	58.43	16.42
0.94	0.14	0.31	8.75	18.19	37.52
-0.06	0.78	0.62	94.20	38.21	60.70
0.66	0.71	0.25	47.03	14.44	33.52
-0.24	0.74	0.62	107.53	38.68	40.18
-0.37	0.93	0.01	111.57	0.62	34.57
-0.15	-0.18	0.97	229.38	76.26	24.68
0.02	-0.37	0.93	273.69	68.09	51.66
0.36	-0.86	0.37	292.94	21.42	56.04
0.76	0.36	0.54	25.58	32.35	51.31
0.76	0.36	0.54	25.58	32.35	51.31
0.75	-0.25	0.61	341.32	37.91	66.92
0.75	-0.25	0.61	341.32	37.91	66.92
0.57	-0.26	0.78	335.17	51.41	78.24
-0.75	0.46	0.47	148.59	27.85	2.12
-0.08	-0.82	0.56	264.58	34.07	37.84
-0.27	0.89	0.37	107.04	21.73	41.57
0.73	0.43	0.54	30.48	32.72	58.62
-0.77	0.62	0.12	141.22	6.91	11.30
-0.77	0.61	0.18	141.94	10.28	13.28
-0.38	-0.84	0.39	245.27	23.16	32.12
0.84	0.13	0.53	9.06	31.68	30.57
-0.90	-0.05	0.42	183.33	24.99	45.06
-0.48	0.81	0.34	120.52	19.90	85.95
-0.22	-0.10	0.97	204.02	75.79	71.38
-0.35	0.75	0.57	114.91	34.66	71.31
0.84	0.52	0.15	31.71	8.49	85.06
0.30	0.14	0.95	25.14	70.96	86.16
0.84	-0.25	0.49	343.39	29.25	60.52
0.96	0.05	0.26	2.79	14.97	57.42
-0.49	0.37	0.79	143.01	51.73	50.79
0.46	0.64	0.61	54.47	37.94	64.60
0.55	0.13	0.82	13.30	55.56	46.88
-0.34	0.45	0.82	126.78	55.58	27.54
-0.30	0.87	0.40	109.02	23.55	19.82
0.35	0.74	0.58	64.38	35.15	11.51
0.94	-0.35	0.04	339.60	2.22	43.06
-0.37	0.57	0.73	123.03	47.15	72.82
-0.36	-0.61	0.70	239.82	44.74	56.04
0.29	0.73	0.62	68.67	38.09	64.62
0.26	0.76	0.59	70.86	36.13	47.45
0.59	-0.76	0.28	307.66	16.42	63.58
-0.17	0.66	0.73	104.82	47.15	61.42
0.30	-0.33	0.90	312.11	63.77	57.53
0.14	-0.45	0.88	286.89	61.81	49.91
0.60	0.47	0.65	38.19	40.20	84.69
-0.30	0.44	0.85	124.81	57.85	25.76
-0.65	0.21	0.73	162.19	46.72	19.46
-0.07	-0.98	0.16	265.98	9.16	26.47
-0.36	-0.89	0.29	248.23	16.71	62.60
-0.86	-0.30	0.41	199.25	24.28	47.68
0.98	-0.14	0.11	352.17	6.48	29.52
-0.17	-0.04	0.99	194.23	80.18	51.34
0.08	-0.06	1.00	320.28	84.30	30.79
0.49	0.78	0.39	57.77	23.23	13.91
-0.35	0.75	0.56	114.84	33.90	53.75
-0.36	0.72	0.59	116.72	36.39	17.58
-0.39	0.85	0.36	114.43	21.10	36.90
0.49	0.77	0.41	57.52	24.24	81.68
-0.87	0.47	0.17	151.51	9.66	25.58
0.72	-0.55	0.43	322.46	25.55	38.80
0.99	-0.04	0.14	357.91	8.31	25.25
0.99	-0.04	0.14	357.91	8.31	25.25
-0.13	0.91	0.39	98.12	23.22	25.07
-0.77	-0.18	0.61	193.08	37.33	39.98
0.22	0.64	0.74	70.89	47.59	55.75
0.13	-0.97	0.22	277.74	12.78	32.39
0.29	0.73	0.62	68.67	38.09	64.62
-0.57	-0.10	0.82	189.99	54.91	58.81
0.18	-0.48	0.86	290.45	59.23	29.49
0.35	-0.13	0.93	340.00	68.32	29.86
0.05	0.96	0.26	87.30	15.27	71.38
0.83	-0.52	0.23	327.97	13.10	31.92
0.52	0.43	0.74	39.62	47.48	67.90
0.43	-0.23	0.87	331.67	61.03	51.68
0.15	-0.98	0.09	278.58	5.10	59.91
0.57	0.62	0.53	47.49	32.27	40.29
0.43	0.89	0.19	64.32	10.68	63.21
0.68	0.70	0.23	45.88	13.34	41.96
0.27	0.93	0.25	73.60	14.50	55.07
0.55	-0.01	0.84	358.60	56.76	59.27
-0.22	0.86	0.47	104.48	27.98	21.62
0.98	-0.16	0.14	350.95	7.94	43.63
0.98	-0.16	0.14	350.95	7.94	43.63
0.98	-0.16	0.14	350.95	7.94	43.63
-0.92	0.38	0.09	157.39	5.21	39.86
-0.35	0.82	0.44	113.29	26.13	54.04
0.08	-0.98	0.16	274.86	9.08	21.67
-0.13	0.78	0.61	99.71	37.76	48.13
0.64	0.01	0.77	0.86	50.25	61.65
0.64	0.26	0.72	22.46	46.09	70.62
0.64	0.26	0.72	22.46	46.09	70.62
1.00	-0.05	0.08	357.26	4.30	72.22
0.71	0.67	0.24	43.39	13.91	23.77
0.80	0.49	0.35	31.35	20.76	65.99
0.04	0.86	0.51	87.37	30.93	90.76
-0.56	-0.00	0.83	180.48	55.74	38.05
0.63	0.38	0.68	30.92	42.49	95.74
0.70	0.57	0.42	39.24	25.12	46.65
-0.86	0.34	0.37	158.31	21.67	45.26
-0.94	0.01	0.33	179.16	19.19	56.02
0.82	0.35	0.45	23.07	26.59	58.89
-0.92	-0.35	0.19	200.96	11.24	58.92
0.41	0.50	0.76	50.96	49.67	52.23
0.41	0.50	0.76	50.96	49.67	52.23
-0.82	0.41	0.40	153.50	23.77	12.55
0.14	-0.06	0.99	335.36	81.34	70.69
0.14	-0.06	0.99	335.36	81.34	70.69
0.61	-0.79	0.08	307.75	4.79	80.68
1.00	-0.03	0.04	358.28	2.32	47.06
0.95	-0.02	0.30	358.90	17.29	57.65
-0.16	0.76	0.63	101.87	38.75	32.41
-0.16	0.76	0.63	101.87	38.75	32.41
0.16	0.69	0.71	77.09	45.10	45.53
-0.72	0.59	0.38	140.68	22.39	46.68
0.04	0.86	0.51	87.37	30.93	90.76
0.98	-0.06	0.18	356.50	10.26	66.86
-0.60	0.80	0.03	126.63	1.53	37.00
-0.99	0.14	0.00	172.15	0.09	49.27
-0.99	0.14	0.00	172.15	0.09	49.27
0.95	-0.30	0.02	342.59	1.11	84.08
0.57	0.60	0.56	46.61	34.02	59.90
-0.57	-0.72	0.39	231.72	23.08	49.25
0.91	0.32	0.26	19.34	15.29	53.85
0.12	-0.14	0.98	311.25	79.37	12.23
0.18	-0.85	0.50	282.28	30.04	30.17
0.91	0.29	0.30	17.44	17.69	22.39
-0.05	0.96	0.28	92.96	16.34	59.00
-0.31	-0.95	0.04	251.72	2.40	13.73
0.94	-0.11	0.32	353.62	18.96	31.50
0.94	-0.11	0.32	353.62	18.96	31.50
-0.77	0.52	0.37	145.75	21.84	77.49
-0.77	0.52	0.37	145.75	21.84	77.49
0.41	0.31	0.86	36.47	58.98	47.77
-0.22	0.68	0.70	107.87	44.51	66.97
0.30	0.94	0.14	72.38	7.85	59.96
0.19	-0.92	0.34	281.94	20.00	28.72
-0.88	0.46	0.11	152.38	6.09	27.22
0.92	0.36	0.17	21.49	10.06	21.25
0.43	-0.23	0.87	331.67	61.03	51.68
-0.94	-0.26	0.19	195.66	11.20	63.25
0.86	0.32	0.39	20.34	23.25	83.53
0.25	-0.78	0.58	287.54	35.30	64.70
0.18	-0.83	0.53	282.51	31.81	92.60
-0.89	-0.28	0.37	197.59	21.67	6.96
-0.74	0.66	0.13	137.92	7.49	21.31
0.73	0.15	0.67	11.50	42.10	73.28
0.98	0.22	0.00	12.68	0.26	16.80
0.98	0.22	0.00	12.68	0.26	16.80
0.87	-0.31	0.40	340.36	23.29	36.47
-0.52	-0.43	0.74	219.16	47.66	46.03
-0.51	-0.86	0.09	239.28	5.10	19.53
0.82	0.51	0.27	31.91	15.52	69.04
-0.86	0.50	0.07	149.63	4.24	35.01
0.62	0.37	0.69	31.17	43.82	66.52
0.88	-0.39	0.28	335.95	16.40	40.77
0.91	-0.40	0.08	336.37	4.39	31.58
-0.45	0.11	0.89	165.78	62.54	33.68
0.39	-0.05	0.92	353.13	66.68	46.69
0.85	0.51	0.16	30.79	9.38	53.29
0.88	-0.28	0.39	342.33	23.15	55.24
-0.84	0.52	0.15	148.08	8.81	48.21
0.48	0.84	0.27	60.26	15.68	65.75
0.91	0.32	0.26	19.34	15.29	53.85
0.25	-0.94	0.24	284.90	13.82	41.87
-0.35	-0.89	0.28	248.47	16.41	37.47
0.85	0.23	0.48	15.26	28.74	53.07
0.21	-0.80	0.57	284.71	34.59	94.71
-0.03	-1.00	0.07	268.39	4.23	48.92
-0.70	-0.49	0.52	215.06	31.31	37.00
0.99	0.00	0.17	0.10	9.69	37.03
0.68	0.11	0.73	9.49	46.70	18.84
0.10	0.27	0.96	69.81	73.48	20.24
-0.56	0.31	0.77	151.02	49.91	17.25
0.58	-0.58	0.57	314.88	34.77	55.11
0.10	0.14	0.99	55.83	80.16	22.25
0.91	0.15	0.39	9.34	23.06	75.43
-0.67	0.07	0.74	173.71	47.69	74.33
-0.21	-0.85	0.49	255.98	29.30	50.91
-0.76	-0.61	0.24	218.93	13.83	89.81
0.93	-0.28	0.23	343.22	13.58	49.81
-0.78	0.48	0.41	148.55	24.04	67.95
-0.78	-0.06	0.62	184.57	38.50	50.94
-0.18	-0.67	0.72	254.52	46.35	46.54
-0.38	-0.60	0.70	237.27	44.81	38.66
-0.38	-0.60	0.70	237.27	44.81	38.66
-0.92	0.36	0.16	158.30	9.16	52.55
-0.88	0.43	0.20	154.19	11.73	25.32
0.67	-0.72	0.20	312.73	11.41	42.14
0.17	-0.90	0.40	280.40	23.35	24.26
-0.90	-0.44	0.06	206.25	3.36	43.16
0.19	-0.96	0.18	281.40	10.23	51.43
-0.13	-0.99	0.05	262.67	2.62	10.33
0.93	-0.28	0.23	343.22	13.58	49.81
0.88	0.31	0.35	19.46	20.20	38.00
-0.34	0.91	0.23	110.30	13.53	39.74
-0.86	-0.14	0.48	189.53	28.98	45.24
-0.26	-0.69	0.67	249.56	42.21	69.43
-0.75	0.45	0.49	148.75	29.18	51.04
-0.75	0.45	0.49	148.75	29.18	51.04
-0.75	0.63	0.21	139.85	12.02	17.64
-0.75	0.63	0.21	139.85	12.02	17.64
-0.60	0.17	0.78	164.46	51.35	34.05
-0.94	-0.25	0.22	195.14	12.70	88.13
0.72	0.67	0.18	42.80	10.61	18.43
0.81	0.30	0.51	20.21	30.74	33.41
-0.79	0.18	0.58	167.20	35.72	47.23
-0.59	0.34	0.73	149.87	47.18	60.30
0.59	-0.57	0.57	315.78	34.97	32.19
-0.92	0.07	0.38	175.94	22.11	28.28
-0.14	0.69	0.71	101.05	45.17	44.94
0.57	0.05	0.82	5.17	55.42	35.40
1.00	-0.06	0.06	356.79	3.21	48.86
1.00	-0.06	0.06	356.79	3.21	48.86
0.27	0.92	0.30	73.79	17.64	22.60
-0.91	0.35	0.23	159.11	13.11	48.90
-0.85	0.47	0.22	150.88	12.87	38.36
0.11	0.42	0.90	75.52	64.34	49.71
-0.56	0.67	0.49	130.25	29.19	67.12
-0.54	0.77	0.33	125.20	19.11	33.62
0.12	0.64	0.76	79.53	49.34	46.02
0.12	0.55	0.83	77.68	55.72	57.65
-0.45	-0.18	0.87	201.19	60.98	37.22
-0.49	-0.16	0.85	198.29	58.61	49.13
-0.49	-0.16	0.85	198.29	58.61	49.13
0.19	0.37	0.91	62.80	65.34	69.40
0.99	0.12	0.00	6.98	0.06	55.12
-0.78	0.10	0.62	172.74	38.45	71.71
0.65	-0.35	0.68	331.68	42.48	59.64
0.65	-0.35	0.68	331.68	42.48	59.64
-0.72	0.67	0.16	136.96	9.45	23.70
-0.81	-0.38	0.44	205.24	26.38	14.17
0.22	0.48	0.85	65.25	57.96	12.00
-0.84	0.47	0.26	150.62	15.08	93.04
0.15	-0.79	0.60	280.51	36.73	60.86
-0.52	0.78	0.36	123.64	20.91	38.47
-0.28	0.83	0.47	108.67	28.23	5.06
0.63	-0.55	0.55	318.94	33.47	59.64
0.47	-0.64	0.60	306.49	37.12	80.59
-0.83	0.49	0.28	149.30	16.03	54.72
-0.29	0.56	0.77	117.64	50.70	102.16
-0.18	0.58	0.80	106.96	53.05	24.51
0.44	0.25	0.86	29.41	59.88	61.86
-0.55	-0.48	0.68	221.08	42.85	59.69
-0.55	-0.48	0.68	221.08	42.85	59.69
0.42	-0.76	0.49	298.54	29.52	49.39
0.72	-0.69	0.10	316.24	6.02	61.72
-0.64	0.42	0.65	146.53	40.21	59.11
-0.34	-0.92	0.21	249.52	12.21	84.94
-0.96	0.28	0.04	163.50	2.35	55.27
-0.66	0.11	0.74	170.52	48.11	27.32
-0.37	0.76	0.53	116.08	31.87	62.36
0.13	-0.89	0.43	278.49	25.60	65.22
-0.23	-0.87	0.43	255.26	25.76	53.34
0.28	0.28	0.92	45.35	66.88	9.95
-0.95	-0.17	0.27	189.91	15.68	26.23
-0.63	-0.77	0.03	230.58	1.47	19.61
-0.33	-0.61	0.72	241.79	45.77	62.00
-0.27	-0.78	0.57	250.85	34.60	97.06
0.37	0.77	0.52	64.56	31.23	61.04
0.18	0.81	0.56	77.66	34.01	81.73
0.18	0.81	0.56	77.66	34.01	81.73
0.44	0.79	0.43	60.91	25.78	50.59
-0.82	0.22	0.53	165.00	31.89	72.94
0.89	0.14	0.43	9.02	25.40	7.91
0.48	-0.64	0.61	306.96	37.27	50.05
0.38	-0.76	0.52	296.72	31.65	97.92
0.45	0.85	0.27	62.01	15.69	59.21
-0.03	-0.55	0.83	266.88	56.47	85.46
-0.58	0.29	0.76	153.56	49.41	7.38
0.18	-0.45	0.87	291.67	60.73	15.42
0.88	0.20	0.42	12.91	24.81	32.44
-0.71	0.42	0.56	149.49	33.97	55.41
-0.66	0.75	0.02	131.60	1.17	53.24
-0.44	0.48	0.76	132.58	49.77	67.24
-0.43	0.50	0.75	130.58	48.63	60.09
-0.87	0.49	0.07	150.81	3.91	49.36
-0.16	-0.97	0.18	260.40	10.39	22.91
-0.16	-0.97	0.18	260.40	10.39	22.91
0.02	0.99	0.16	88.78	8.97	71.21
0.02	0.99	0.16	88.78	8.97	71.21
-0.32	0.39	0.86	129.69	59.56	51.12
0.34	0.88	0.33	68.96	19.19	44.51
0.39	0.84	0.38	64.86	22.35	22.07
0.90	0.35	0.26	21.31	15.14	34.83
-0.20	-0.93	0.32	257.69	18.78	15.47
0.09	-0.33	0.94	284.54	70.04	51.19
-0.61	0.52	0.60	139.21	36.82	62.98
0.91	-0.40	0.13	336.11	7.47	45.87
0.91	-0.40	0.13	336.11	7.47	45.87
0.47	0.33	0.82	35.13	54.95	62.40
0.64	0.39	0.66	31.08	41.44	74.52
-0.02	0.85	0.52	91.01	31.28	70.06
-0.99	0.01	0.16	179.48	9.44	17.97
0.61	-0.21	0.76	340.79	49.80	59.13
-0.97	-0.02	0.22	181.25	12.86	59.83
0.12	-0.86	0.50	277.75	29.95	55.99
0.21	0.15	0.97	35.29	75.39	53.39
0.21	0.15	0.97	35.29	75.39	53.39
-0.89	-0.08	0.44	184.94	26.29	27.54
0.12	0.39	0.91	72.58	65.96	26.28
0.99	-0.15	0.08	351.58	4.33	44.13
0.15	-0.79	0.60	280.51	36.73	60.86
0.71	-0.69	0.11	315.73	6.38	22.66
0.11	0.65	0.75	80.52	48.67	60.36
-0.45	0.73	0.51	121.83	30.65	80.55
-0.74	-0.02	0.68	181.26	42.59	79.58
-0.74	-0.02	0.68	181.26	42.59	79.58
0.64	0.32	0.70	26.57	44.57	62.58
0.44	0.69	0.58	57.36	35.38	12.98
0.44	0.69	0.58	57.36	35.38	12.98
0.91	-0.25	0.34	344.77	19.71	76.24
-0.65	-0.75	0.12	229.10	6.77	84.31
-0.21	-0.64	0.74	252.25	47.68	72.14
-0.67	-0.70	0.23	226.22	13.57	30.44
0.86	0.41	0.32	25.33	18.75	10.00
0.86	0.41	0.32	25.33	18.75	10.00
0.86	0.41	0.32	25.33	18.75	10.00
-0.70	0.39	0.60	150.81	36.60	64.81
-0.70	0.39	0.60	150.81	36.60	64.81
0.32	-0.92	0.23	289.05	13.48	74.34
0.42	0.89	0.16	64.80	9.26	61.01
-0.94	0.10	0.34	173.87	19.72	36.90
-0.89	0.33	0.32	159.71	18.37	51.04
0.12	0.94	0.31	82.58	18.09	9.79
-0.90	-0.14	0.41	188.59	23.99	59.00
-0.96	-0.12	0.23	187.29	13.38	51.01
-0.96	-0.12	0.23	187.29	13.38	51.01
-0.91	-0.37	0.18	202.00	10.31	58.58
-0.36	0.83	0.43	113.53	25.16	37.72
0.28	-0.35	0.89	308.39	63.16	15.28
-0.68	0.26	0.68	159.14	43.17	76.73
0.94	0.34	0.10	19.77	5.59	20.87
0.11	0.57	0.82	78.92	54.70	48.22
-0.81	0.53	0.27	146.81	15.55	70.95
0.06	-0.71	0.70	274.53	44.49	48.80
0.36	-0.78	0.51	294.77	30.38	50.91
0.73	-0.56	0.40	322.52	23.60	78.39
-0.56	0.78	0.28	125.95	16.32	59.32
0.33	0.13	0.93	21.96	69.01	50.54
-0.16	0.58	0.80	105.71	52.69	85.72
-0.16	0.58	0.80	105.71	52.69	85.72
0.26	-0.40	0.88	302.78	61.67	63.12
-0.55	0.65	0.53	130.14	31.69	60.54
-0.37	0.83	0.42	114.22	24.83	74.37
-0.22	-0.28	0.93	231.34	69.00	72.55
0.07	-0.51	0.86	278.09	58.96	58.51
-0.27	-0.79	0.55	251.16	33.62	35.71
-0.53	-0.77	0.37	235.38	21.60	22.24
-0.92	-0.27	0.28	196.35	16.51	52.27
0.42	-0.51	0.75	309.73	48.76	16.20
-0.60	-0.17	0.78	195.92	51.61	76.00
-0.60	-0.17	0.78	195.92	51.61	76.00
-0.63	-0.64	0.44	225.24	25.80	69.43
-0.25	-0.32	0.91	231.24	66.17	38.62
0.56	-0.45	0.69	321.18	43.57	72.99
0.35	0.13	0.93	19.99	68.43	33.30
0.15	0.77	0.61	79.09	37.90	30.28
-0.35	-0.05	0.94	188.34	69.31	30.09
-0.49	-0.72	0.49	235.42	29.41	48.03
-0.84	-0.54	0.08	213.05	4.40	15.81
-0.59	-0.78	0.20	233.12	11.30	41.46
-0.33	-0.86	0.38	249.14	22.41	49.35
0.19	-0.53	0.83	289.37	55.91	43.31
0.69	0.25	0.68	19.54	42.75	45.48
0.11	0.96	0.25	83.76	14.70	59.12
-0.26	-0.62	0.74	247.41	47.56	100.26
0.29	0.91	0.31	72.00	17.81	21.38
-0.76	-0.59	0.26	217.85	15.12	65.44
-0.51	-0.77	0.40	236.57	23.36	77.61
0.34	0.87	0.35	68.88	20.29	44.89
-0.50	0.41	0.76	140.92	49.57	53.65
0.04	-0.15	0.99	285.47	81.22	20.95
0.04	-0.15	0.99	285.47	81.22	20.95
0.98	0.15	0.12	8.83	6.92	59.33
-0.87	-0.45	0.19	207.17	10.69	58.90
0.98	0.17	0.06	9.75	3.30	25.47
-0.60	0.54	0.59	137.73	35.97	54.00
-0.69	-0.70	0.21	225.30	11.92	55.10
-0.26	-0.74	0.62	250.94	38.10	59.76
-0.26	-0.74	0.62	250.94	38.10	59.76
-0.38	-0.50	0.78	232.78	51.36	55.51
-0.34	-0.84	0.43	248.14	25.52	20.51
-0.47	-0.84	0.29	240.82	16.91	60.56
0.41	-0.08	0.91	349.24	65.56	16.42
-0.38	-0.21	0.90	208.67	64.06	60.49
0.50	0.84	0.21	59.20	11.93	57.19
0.10	0.85	0.52	83.21	31.63	63.36
0.12	-0.80	0.59	278.30	35.81	7.14
-0.71	0.42	0.56	149.49	33.97	55.41
-0.71	0.42	0.56	149.49	33.97	55.41
-0.60	-0.17	0.78	196.15	51.52	75.34
-0.60	-0.17	0.78	196.15	51.52	75.34
-0.57	0.48	0.66	139.97	41.43	65.04
0.50	0.87	0.02	60.03	1.30	25.90
-0.90	-0.35	0.26	201.26	15.13	43.91
-0.60	-0.17	0.78	196.15	51.52	75.34
0.18	0.81	0.56	77.66	34.01	81.73
0.57	0.76	0.30	53.17	17.65	42.04
-0.01	0.56	0.83	91.08	56.17	47.75
0.97	-0.10	0.20	353.90	11.82	27.42
-0.03	-0.81	0.58	267.93	35.67	64.35
-0.17	-0.20	0.97	230.31	74.87	43.65
-0.17	-0.20	0.97	230.31	74.87	43.65
-0.30	0.78	0.55	110.68	33.25	8.16
-0.30	0.78	0.55	110.68	33.25	8.16
0.47	0.78	0.40	58.95	23.81	47.32
0.90	-0.33	0.29	339.74	16.57	42.26
-0.60	-0.17	0.78	196.07	51.54	75.22
0.75	-0.48	0.44	327.28	26.35	26.55
0.54	-0.78	0.31	304.59	18.09	17.03
0.59	-0.46	0.66	322.04	41.29	29.55
0.89	-0.25	0.38	344.40	22.31	25.92
-0.78	-0.61	0.12	217.96	7.08	79.23
-0.88	0.34	0.33	159.01	18.98	76.57
-0.43	0.77	0.47	119.06	28.05	74.23
0.40	-0.03	0.91	356.11	66.06	17.06
0.51	-0.82	0.28	301.73	16.11	17.31
-0.58	0.80	0.12	125.91	7.02	18.24
0.34	0.40	0.85	49.07	58.36	40.41
0.34	0.40	0.85	49.07	58.36	40.41
-0.17	0.58	0.79	106.67	52.57	52.65
-0.52	-0.38	0.76	216.00	49.75	38.33
0.89	0.01	0.45	0.87	26.99	36.38
-0.14	-0.64	0.75	257.90	48.93	40.75
-0.50	0.62	0.60	129.16	37.21	95.10
0.89	-0.28	0.36	342.72	20.81	48.25
0.85	0.01	0.53	0.43	31.75	61.14
-0.15	0.81	0.57	100.34	34.49	61.86
0.70	0.09	0.71	7.51	45.12	74.60
-0.53	0.57	0.62	132.86	38.37	59.72
-0.58	0.62	0.52	133.15	31.45	61.23
-0.84	0.38	0.38	155.91	22.58	69.25
0.57	-0.82	0.08	304.70	4.42	72.28
-0.63	-0.25	0.74	201.87	47.46	59.24
-0.14	0.09	0.99	147.98	80.72	46.67
-0.68	0.58	0.44	139.56	26.27	58.81
-0.45	-0.10	0.89	192.75	62.27	58.64
-0.56	-0.29	0.78	207.22	51.16	72.98
0.55	0.81	0.20	56.10	11.33	48.79
-0.42	-0.17	0.89	201.79	63.28	28.47
0.71	0.37	0.60	27.92	37.00	55.45
-0.41	-0.81	0.41	243.02	24.46	53.12
-0.73	0.29	0.61	158.19	37.94	71.13
0.94	0.17	0.31	10.52	17.77	17.22
0.45	-0.50	0.74	311.93	47.88	35.07
0.58	0.19	0.79	17.95	52.47	39.15
-0.43	0.08	0.90	169.17	63.76	58.62
0.10	-0.62	0.78	279.08	51.01	56.22
0.99	0.11	0.09	6.27	4.93	71.82
0.19	0.98	0.11	79.25	6.30	42.57
0.04	0.46	0.89	84.77	62.49	71.91
-0.18	0.12	0.98	147.43	77.52	62.97
0.99	-0.11	0.08	353.43	4.62	73.96
0.83	0.46	0.32	29.24	18.52	60.14
0.17	0.85	0.50	78.51	30.14	43.06
-0.72	-0.29	0.63	202.32	39.10	57.27
0.37	0.89	0.28	67.04	16.02	53.46
0.18	-0.57	0.80	287.22	53.59	42.49
-0.52	-0.81	0.29	237.44	16.81	29.40
0.84	-0.35	0.41	337.55	24.28	48.53
0.95	-0.20	0.24	348.12	13.82	57.75
-0.15	-0.50	0.85	253.36	58.35	87.26
0.54	-0.57	0.62	313.50	38.02	52.46
0.07	-0.67	0.74	276.21	47.90	47.57
-0.90	-0.37	0.21	202.43	12.02	57.38
0.49	0.87	0.08	60.63	4.49	51.47
0.84	0.41	0.34	26.19	20.04	41.96
1.00	0.06	0.07	3.23	4.01	77.31
0.84	-0.47	0.26	330.97	15.23	6.69
0.02	-0.95	0.31	271.02	18.00	48.30
-0.81	0.49	0.32	148.84	18.45	56.77
-0.81	0.49	0.32	148.84	18.45	56.77
0.35	0.75	0.56	64.78	33.84	59.84
0.35	0.75	0.56	64.78	33.84	59.84
0.35	0.75	0.56	64.78	33.84	59.84
0.30	0.45	0.84	55.96	57.38	71.30
-0.06	-0.18	0.98	252.03	79.22	37.46
-0.78	0.49	0.38	147.67	22.28	46.60
-0.79	0.28	0.54	160.37	32.64	51.64
0.26	0.70	0.66	69.46	41.63	9.08
-0.78	-0.28	0.56	199.75	34.18	61.46
0.87	-0.42	0.26	334.03	15.02	55.06
0.68	-0.61	0.41	318.20	24.34	30.53
0.36	-0.07	0.93	349.13	68.75	37.20
-0.13	0.89	0.44	98.11	25.85	39.19
0.58	0.53	0.62	42.59	38.32	36.99
0.84	0.48	0.24	29.65	13.98	31.86
0.71	-0.70	0.04	315.67	2.45	65.70
-0.30	0.83	0.48	109.87	28.55	64.00
0.66	-0.19	0.73	344.08	46.61	28.12
0.70	0.61	0.38	41.22	22.07	66.64
-0.29	-0.08	0.95	195.86	72.24	69.21
-0.10	-0.98	0.15	264.05	8.75	71.76
-0.72	0.56	0.41	142.38	24.09	56.39
-0.93	-0.35	0.08	200.64	4.76	38.69
-0.07	0.99	0.12	94.06	6.68	76.38
-0.14	0.54	0.83	105.13	56.30	54.52
-0.69	-0.71	0.13	225.78	7.23	84.30
-0.88	0.19	0.43	167.82	25.70	67.43
-0.09	0.95	0.30	95.53	17.38	31.03
-0.71	0.51	0.49	144.51	29.20	76.72
-0.82	-0.10	0.57	186.97	34.58	62.45
0.05	-0.90	0.43	273.42	25.25	53.08
0.29	-0.21	0.94	324.19	69.32	69.19
-0.85	0.27	0.45	162.65	26.51	7.16
-0.90	0.43	0.03	154.70	2.00	77.14
-0.78	0.29	0.55	159.74	33.38	81.46
1.00	-0.02	0.02	359.03	1.22	71.42
0.67	-0.74	0.03	312.02	1.81	67.35
0.67	-0.74	0.03	312.02	1.81	67.35
-0.25	0.90	0.36	105.72	21.06	64.65
-0.93	0.08	0.36	175.06	21.03	20.62
-0.72	0.29	0.64	158.21	39.52	62.17
-0.63	0.75	0.23	129.98	13.07	65.13
-0.21	-0.81	0.55	255.25	33.05	31.30
-0.91	0.32	0.29	160.77	16.56	60.90
0.23	0.94	0.26	76.33	14.82	52.60
-0.72	0.45	0.52	147.77	31.57	76.69
0.37	-0.11	0.92	343.55	67.17	33.22
-0.56	0.36	0.75	147.00	48.36	78.63
-0.67	0.34	0.65	152.94	40.87	25.37
0.58	-0.52	0.63	318.12	39.19	49.46
-0.49	-0.84	0.24	239.96	13.65	46.26
-0.66	0.33	0.67	153.78	42.40	32.52
1.00	-0.01	0.00	359.65	0.23	78.31
-0.89	-0.22	0.41	193.88	24.11	53.21
0.71	-0.12	0.70	350.78	44.07	83.38
0.58	0.41	0.71	35.61	44.83	96.67
0.46	0.29	0.84	31.98	57.08	42.82
0.58	0.72	0.37	51.37	21.96	52.38
0.84	-0.47	0.26	330.97	15.23	6.69
-0.78	0.60	0.20	142.56	11.63	79.75
0.27	-0.85	0.45	287.61	26.73	75.45
-0.45	0.82	0.35	118.47	20.40	63.77
0.52	-0.52	0.68	314.56	42.77	70.39
-0.57	-0.68	0.46	230.21	27.44	35.00
-0.71	-0.29	0.64	202.11	39.63	16.50
0.65	-0.59	0.48	317.83	28.60	68.47
-0.33	-0.92	0.20	250.19	11.80	41.17
-0.68	0.58	0.44	139.56	26.27	58.81
0.86	0.36	0.36	22.93	21.41	74.64
0.09	0.88	0.46	84.26	27.29	99.87
-0.10	-0.98	0.15	264.05	8.75	71.76
-0.30	0.89	0.33	108.83	19.47	62.10
-0.93	-0.00	0.37	180.11	21.51	64.51
0.58	-0.68	0.44	310.69	26.39	75.01
-0.25	-0.61	0.75	247.78	48.72	59.19
-0.82	0.04	0.57	177.10	34.51	66.78
0.21	0.68	0.70	72.82	44.35	14.54
-0.70	-0.35	0.62	206.71	38.30	9.64
-0.85	-0.23	0.47	194.87	28.07	68.93
-0.12	-0.80	0.59	261.64	36.30	49.23
-0.83	0.01	0.56	179.63	34.11	74.80
0.78	-0.61	0.12	321.91	6.84	90.77
-0.73	-0.25	0.64	198.72	39.75	8.38
-0.21	0.48	0.85	113.14	58.23	17.66
-0.22	-0.85	0.48	255.63	28.59	82.55
-0.24	-0.41	0.88	239.39	61.25	52.94
-0.64	0.37	0.67	149.97	42.25	65.76
0.41	-0.57	0.71	305.80	44.87	22.72
-0.90	-0.37	0.21	202.43	12.02	57.38
0.50	-0.12	0.86	346.55	59.27	63.55
0.41	0.62	0.67	56.59	42.09	95.08
0.97	0.25	0.03	14.66	1.74	71.51
-0.76	-0.58	0.30	217.08	17.41	66.19
-0.76	-0.58	0.30	217.08	17.41	66.19
-0.76	-0.58	0.30	217.08	17.41	66.19
0.55	0.70	0.45	52.16	26.89	67.64
0.82	0.43	0.37	27.57	21.88	67.54
-0.39	0.35	0.85	138.15	58.67	59.63
0.95	0.28	0.11	16.39	6.30	19.64
0.96	-0.27	0.03	344.20	1.81	77.05
0.57	-0.77	0.28	306.11	16.43	86.76
0.58	0.66	0.48	48.79	28.44	39.05
-0.84	0.31	0.44	160.00	26.42	61.19
0.47	0.78	0.42	58.95	24.69	62.54
0.78	-0.61	0.12	321.91	6.84	90.77
0.85	-0.42	0.31	333.67	18.31	21.87
-0.47	0.07	0.88	171.61	61.53	18.96
0.94	0.23	0.25	14.03	14.51	71.44
-0.54	0.73	0.42	126.58	24.86	78.03
-0.55	0.75	0.36	126.18	21.20	82.75
-0.24	0.66	0.71	110.34	45.29	98.21
-0.24	0.66	0.71	110.34	45.29	98.21
-0.64	0.66	0.39	133.85	23.22	70.50
0.05	0.90	0.42	87.01	25.12	76.38
0.45	-0.14	0.88	342.46	61.63	81.56
0.59	0.81	0.02	53.89	1.34	22.05
0.52	-0.81	0.28	302.70	16.24	73.22
0.92	0.38	0.05	22.38	2.76	84.00
0.92	0.38	0.05	22.38	2.76	84.00
0.29	-0.10	0.95	341.59	71.90	18.37
0.67	0.49	0.56	36.43	34.01	68.33
0.67	0.49	0.56	36.43	34.01	68.33
0.29	0.12	0.95	22.32	72.06	55.44
-0.85	-0.43	0.32	206.78	18.79	21.47
-0.75	-0.01	0.66	180.93	41.02	49.01
0.59	0.18	0.79	16.80	52.21	47.03
0.61	0.68	0.42	48.22	24.57	60.53
0.61	0.68	0.42	48.22	24.57	60.53
-0.22	-0.85	0.48	255.63	28.59	82.55
-0.74	-0.65	0.18	221.21	10.13	16.75
-0.60	-0.68	0.42	228.72	25.10	43.97
-0.33	-0.65	0.69	242.61	43.38	57.56
0.87	0.16	0.47	10.16	27.74	74.93
0.16	0.89	0.43	79.59	25.38	84.41
0.16	0.89	0.43	79.59	25.38	84.41
0.41	0.57	0.72	54.17	45.81	52.14
0.80	0.31	0.52	20.89	31.02	79.12
0.87	0.30	0.39	19.18	22.81	91.51
0.78	-0.62	0.08	321.29	4.50	25.70
-0.43	0.12	0.89	164.51	63.19	36.40
-0.01	-0.27	0.96	267.24	74.19	39.55
0.91	0.40	0.13	23.87	7.49	67.23
-0.47	-0.88	0.06	242.17	3.19	69.23
-0.97	0.24	0.10	166.14	5.81	68.53
-0.00	0.33	0.94	90.07	70.54	39.07
0.63	-0.76	0.16	309.65	8.93	54.19
0.74	-0.65	0.17	319.09	9.79	34.18
-0.27	0.56	0.78	115.96	51.14	45.53
0.64	0.34	0.69	27.79	43.51	67.89
0.64	0.34	0.69	27.79	43.51	67.89
0.09	0.97	0.21	84.64	12.19	73.90
0.44	0.69	0.58	57.34	35.24	81.86
-0.31	-0.05	0.95	189.95	71.82	43.89
0.75	-0.66	0.07	318.34	3.79	69.25
0.28	0.93	0.22	73.04	12.89	77.36
0.28	0.93	0.22	73.04	12.89	77.36
0.48	-0.73	0.48	303.51	29.00	32.61
0.60	0.69	0.40	49.30	23.63	61.14
0.72	-0.29	0.63	337.72	39.21	73.16
0.59	-0.75	0.29	308.14	16.80	62.25
-0.77	-0.48	0.43	211.92	25.40	71.50
-0.15	-0.28	0.95	242.03	71.29	54.10
-0.15	-0.28	0.95	242.03	71.29	54.10
0.24	0.46	0.86	62.71	58.99	52.10
0.33	-0.89	0.30	290.10	17.68	41.98
0.03	-0.72	0.69	272.74	43.68	90.89
0.03	-0.72	0.69	272.74	43.68	90.89
0.14	-0.09	0.99	328.93	80.43	65.36
0.30	0.79	0.53	69.01	31.90	20.18
-0.46	0.88	0.15	117.44	8.75	34.11
0.76	-0.12	0.64	351.28	39.97	85.61
0.76	-0.12	0.64	351.28	39.97	85.61
-0.97	0.17	0.16	169.88	9.42	50.02
-0.03	-0.07	1.00	246.98	85.66	30.20
0.10	0.99	0.06	84.12	3.34	56.06
-0.93	-0.26	0.25	195.51	14.27	24.03
0.61	0.59	0.52	43.91	31.56	50.57
0.61	0.59	0.52	43.91	31.56	50.57
0.38	0.67	0.64	60.71	39.91	64.78
0.24	-0.89	0.40	285.40	23.27	80.61
0.44	0.89	0.11	63.76	6.21	41.08
-0.76	0.60	0.25	141.88	14.40	45.50
0.48	0.88	0.06	61.46	3.46	65.71
0.69	0.51	0.51	36.19	30.63	56.85
0.57	-0.82	0.09	304.86	5.03	55.15
-1.00	0.05	0.06	177.35	3.70	25.27
-0.28	0.92	0.28	106.93	16.47	59.85
-0.25	0.76	0.59	108.44	36.48	75.72
0.03	0.91	0.42	88.16	24.91	70.97
0.03	0.91	0.42	88.16	24.91	70.97
0.03	0.91	0.42	88.16	24.91	70.97
-0.45	-0.88	0.19	242.96	10.74	61.44
-0.70	-0.29	0.65	202.36	40.64	33.80
0.79	0.45	0.41	29.71	24.31	84.68
0.86	0.50	0.14	30.13	8.18	29.47
-0.10	-0.33	0.94	253.08	69.67	58.06
0.80	0.48	0.37	31.00	21.70	20.61
-0.29	0.09	0.95	162.57	72.56	58.08
-0.47	0.17	0.87	160.08	60.06	60.37
0.23	0.79	0.57	74.11	34.41	103.67
0.95	0.28	0.14	16.22	7.93	12.42
0.24	0.50	0.83	64.30	56.58	45.10
-0.18	-0.33	0.93	241.67	68.22	48.95
-0.18	-0.33	0.93	241.67	68.22	48.95
0.75	-0.66	0.00	318.65	0.26	61.73
-0.95	-0.18	0.25	190.47	14.42	80.20
-0.58	0.53	0.62	137.63	38.42	60.58
0.21	-0.50	0.84	292.37	57.32	24.85
-0.63	0.72	0.29	131.43	16.62	59.17
0.01	-0.10	1.00	276.17	84.45	19.43
0.24	0.55	0.80	66.31	53.43	62.02
-0.91	0.42	0.01	155.46	0.42	31.26
0.97	-0.05	0.25	357.21	14.76	41.02
0.61	-0.77	0.21	308.21	11.92	72.57
-0.61	0.68	0.40	131.93	23.41	53.71
0.09	-1.00	0.02	275.09	0.96	59.65
0.14	-0.13	0.98	317.48	79.33	9.38
0.31	-0.03	0.95	354.82	71.95	53.31
0.31	-0.03	0.95	354.82	71.95	53.31
0.50	-0.85	0.17	300.81	10.07	75.50
0.29	-0.47	0.84	301.72	56.62	15.49
-0.39	0.76	0.52	117.47	31.32	66.11
-0.28	-0.72	0.63	249.08	39.21	30.77
-0.94	0.23	0.24	166.19	14.14	67.56
1.00	-0.01	0.09	359.67	5.39	72.71
-0.51	0.16	0.84	162.36	57.36	66.97
0.06	0.46	0.88	82.72	62.18	66.32
-0.42	0.67	0.61	122.18	37.91	69.99
0.09	-0.93	0.34	275.45	20.08	66.89
0.97	-0.22	0.08	347.12	4.53	44.01
0.20	0.60	0.77	71.93	50.70	80.13
0.32	-0.10	0.94	343.25	70.36	33.36
0.24	0.70	0.67	71.23	42.03	9.49
0.68	0.60	0.43	41.53	25.18	71.04
-0.36	0.92	0.16	111.62	9.46	64.21
0.18	0.88	0.45	78.45	26.53	65.51
0.40	-0.05	0.92	352.74	66.38	28.90
-0.61	-0.76	0.21	231.24	11.85	76.49
0.74	0.23	0.63	17.61	39.12	27.83
-0.49	0.28	0.83	150.47	56.00	72.62
0.16	0.53	0.83	73.08	56.08	75.22
-0.13	0.99	0.06	97.64	3.31	8.39
-0.36	0.92	0.16	111.62	9.46	64.21
0.18	0.98	0.07	79.51	4.03	43.89
-0.40	0.27	0.88	146.42	61.31	43.63
0.62	0.79	0.01	51.83	0.49	14.84
0.62	0.79	0.01	51.83	0.49	14.84
-1.00	-0.01	0.05	180.72	2.80	20.49
-0.31	0.79	0.54	111.29	32.51	86.40
-0.42	-0.31	0.85	216.54	58.08	34.41
-0.83	0.54	0.14	147.24	8.09	40.84
0.02	0.73	0.68	88.09	43.21	70.00
0.80	0.07	0.60	4.87	36.76	40.69
-0.55	0.18	0.82	162.20	54.73	69.76
0.99	0.03	0.13	1.84	7.53	29.56
0.67	0.33	0.66	26.39	41.16	109.00
-0.15	0.54	0.83	105.30	56.10	45.84
0.56	-0.11	0.82	348.92	55.48	60.90
0.60	0.51	0.62	40.30	38.35	85.24
-0.38	-0.85	0.36	245.63	21.38	69.67
0.74	0.68	0.04	42.51	2.17	86.63
-0.99	0.03	0.13	178.27	7.42	68.32
0.28	-0.30	0.91	313.18	65.94	53.08
-0.01	-1.00	0.08	269.42	4.58	49.25
-0.53	0.64	0.56	129.51	34.14	53.41
-0.17	0.76	0.63	102.67	38.71	106.21
0.12	-0.89	0.45	278.02	26.63	41.43
0.12	-0.89	0.45	278.02	26.63	41.43
-0.02	-0.17	0.98	262.02	80.02	65.93
-0.38	0.85	0.37	113.97	21.99	18.00
-0.71	0.68	0.19	136.24	10.85	42.30
-0.05	0.71	0.71	94.15	44.84	15.61
0.44	0.85	0.28	62.39	16.32	64.46
-0.65	0.73	0.22	131.94	12.82	23.15
0.79	-0.44	0.43	331.15	25.39	16.43
-0.03	-0.71	0.70	267.35	44.60	52.05
0.24	0.46	0.86	62.12	58.83	23.73
0.12	0.29	0.95	67.31	71.79	71.29
-0.24	-0.74	0.62	252.23	38.63	55.63
-0.26	-0.89	0.38	253.81	22.35	25.75
-0.26	-0.89	0.38	253.81	22.35	25.75
-0.20	0.87	0.44	102.82	26.23	63.78
-0.11	0.93	0.35	96.81	20.71	40.40
0.36	-0.60	0.72	301.02	46.01	69.14
0.09	-0.81	0.59	276.52	35.85	8.79
0.58	0.46	0.67	38.38	42.23	66.72
0.11	-0.68	0.72	279.26	46.13	39.10
0.18	-0.69	0.70	284.92	44.61	60.63
0.67	0.49	0.56	36.08	34.33	78.08
-0.45	0.74	0.49	121.16	29.60	43.14
0.73	0.02	0.69	1.71	43.29	48.30
0.78	-0.41	0.47	332.53	27.83	70.18
0.78	-0.41	0.47	332.53	27.83	70.18
0.54	-0.44	0.72	320.53	46.08	48.37
0.54	0.02	0.84	1.79	57.47	55.83
-0.47	0.22	0.86	155.18	58.91	54.68
0.68	0.58	0.45	40.62	26.71	55.49
-0.68	-0.11	0.72	188.98	46.33	16.17
-0.07	0.48	0.87	98.22	60.88	64.22
0.95	0.09	0.30	5.52	17.40	30.75
0.44	-0.38	0.81	319.39	54.53	75.74
-0.17	0.90	0.40	100.51	23.57	88.75
0.47	0.31	0.82	33.29	55.58	28.74
-0.20	0.33	0.92	122.10	67.35	37.84
-0.03	0.71	0.71	92.09	45.04	28.26
-0.03	0.71	0.71	92.09	45.04	28.26
-0.36	-0.78	0.51	245.02	30.36	23.65
-0.11	-0.74	0.66	261.23	41.35	32.60
0.01	-0.45	0.89	270.99	63.37	90.53
0.45	-0.12	0.89	344.72	62.44	82.38
0.75	-0.61	0.27	320.82	15.59	63.17
0.16	0.96	0.23	80.36	13.19	41.64
-0.84	0.28	0.47	161.47	27.94	36.09
-0.18	-0.98	0.03	259.85	1.64	49.36
-0.18	-0.98	0.03	259.85	1.64	49.36
0.91	-0.08	0.40	355.20	23.83	45.41
0.25	-0.39	0.88	302.91	62.18	38.97
0.66	0.69	0.30	45.93	17.31	13.93
0.66	0.69	0.30	45.93	17.31	13.93
-0.59	-0.03	0.81	182.76	53.93	74.29
0.64	0.73	0.23	48.87	13.54	68.65
0.01	1.00	0.01	89.31	0.85	72.71
0.63	-0.51	0.59	321.36	35.92	92.51
-1.00	0.05	0.02	176.85	0.88	29.97
0.22	0.75	0.63	73.96	38.79	96.08
0.11	0.81	0.58	81.90	35.49	74.38
0.60	0.33	0.73	28.60	46.89	43.46
0.85	0.22	0.47	14.71	28.32	44.95
0.46	-0.82	0.35	299.46	20.36	57.78
0.16	0.98	0.14	80.80	7.96	53.88
0.94	-0.05	0.34	357.05	20.13	60.56
-0.29	-0.77	0.57	249.50	34.60	31.75
0.39	0.90	0.19	66.80	10.83	40.53
0.66	-0.72	0.20	312.44	11.49	31.31
0.43	0.20	0.88	25.11	61.84	35.27
0.73	-0.51	0.46	325.07	27.55	75.42
0.99	-0.12	0.09	353.08	4.96	71.56
0.79	0.46	0.40	29.83	23.80	80.03
-0.62	0.20	0.76	162.09	49.09	79.07
-0.82	-0.23	0.52	195.85	31.18	50.28
0.03	-0.28	0.96	276.65	73.50	48.32
1.00	-0.02	0.01	359.09	0.34	59.55
-0.89	0.36	0.27	158.05	15.78	42.88
0.86	-0.49	0.15	329.99	8.56	41.92
0.01	0.34	0.94	87.87	70.40	63.91
-0.92	-0.05	0.39	182.84	22.79	84.24
0.70	-0.57	0.44	320.67	25.84	55.95
0.70	-0.57	0.44	320.67	25.84	55.95
-0.95	0.04	0.32	177.39	18.90	45.76
-0.49	-0.41	0.77	219.74	50.35	39.96
0.72	-0.62	0.31	319.38	17.91	66.49
0.31	-0.44	0.84	304.56	57.40	66.79
-0.92	-0.29	0.27	197.24	15.54	30.18
-0.92	-0.29	0.27	197.24	15.54	30.18
-0.02	-0.98	0.22	268.90	12.61	61.89
-0.31	-0.57	0.76	242.02	49.42	69.00
-0.34	0.92	0.20	110.52	11.63	51.99
0.93	0.35	0.11	20.62	6.04	73.39
-0.72	-0.22	0.66	196.94	41.54	34.50
-0.60	-0.66	0.45	227.73	26.64	51.58
-0.82	0.24	0.52	163.66	31.47	65.72
0.33	0.64	0.70	62.83	44.31	52.63
-0.16	-0.97	0.15	260.46	8.84	54.28
0.23	0.79	0.57	73.97	34.73	20.93
-0.07	-0.41	0.91	260.30	65.14	69.89
0.38	0.55	0.74	55.34	47.67	64.87
0.48	0.77	0.43	58.18	25.19	34.56
0.48	0.77	0.43	58.18	25.19	34.56
0.25	0.95	0.19	75.18	11.04	37.33
-0.01	-0.30	0.95	267.42	72.50	48.79
0.14	0.42	0.89	71.09	63.45	81.60
-0.99	0.12	0.12	172.88	6.75	54.57
0.77	-0.59	0.24	322.31	13.66	69.18
-0.99	0.15	0.01	171.35	0.56	48.85
-0.83	-0.54	0.14	213.10	7.94	63.81
-0.06	-0.95	0.32	266.65	18.50	65.90
-0.45	-0.79	0.41	240.45	24.33	43.73
-0.01	0.24	0.97	93.12	75.95	59.93
-0.03	0.48	0.88	93.01	61.51	89.67
0.38	0.38	0.84	44.84	57.20	77.27
-0.21	0.04	0.98	168.57	77.71	41.79
0.74	0.54	0.41	36.25	24.26	44.88
-0.45	0.85	0.28	117.85	16.12	25.54
-0.39	0.74	0.54	117.75	32.97	75.52
0.32	-0.86	0.41	290.18	24.03	16.42
-0.98	0.02	0.20	178.90	11.48	87.03
-0.46	0.21	0.86	155.75	59.51	58.59
0.71	-0.62	0.33	318.68	19.18	83.49
-0.46	0.86	0.22	117.96	12.47	43.70
0.86	0.38	0.33	23.61	19.26	79.17
-0.28	0.14	0.95	153.78	71.92	16.40
-0.89	-0.43	0.11	205.88	6.08	76.71
0.89	-0.45	0.06	333.42	3.32	67.48
0.20	0.02	0.98	5.34	78.40	57.16
0.14	-0.98	0.15	278.28	8.91	41.26
0.77	-0.64	0.02	320.38	0.86	41.30
0.32	0.88	0.35	69.83	20.56	70.60
-0.58	-0.47	0.67	218.81	41.84	43.95
-0.24	0.35	0.91	124.58	64.96	65.22
-0.40	0.81	0.43	116.40	25.56	89.53
-0.62	0.78	0.10	128.44	5.94	24.56
-0.62	0.78	0.10	128.44	5.94	24.56
0.67	-0.55	0.50	320.53	29.98	42.02
0.67	-0.36	0.65	331.58	40.49	28.47
0.83	-0.05	0.56	356.75	33.76	36.20
-0.93	0.14	0.33	171.59	19.10	88.24
-0.95	0.32	0.02	161.63	1.42	90.94
-0.74	-0.08	0.67	185.96	42.08	94.20
0.94	-0.05	0.34	357.05	20.13	60.56
0.38	-0.91	0.16	292.47	9.35	36.95
0.57	-0.76	0.31	306.88	17.80	45.53
-0.89	-0.31	0.34	199.56	19.83	69.04
-0.47	0.52	0.71	132.35	45.53	90.22
0.64	-0.68	0.36	313.33	20.96	17.09
0.14	0.92	0.36	81.45	20.99	19.41
0.44	0.77	0.47	60.33	27.73	62.06
0.60	0.44	0.67	36.13	42.36	49.96
0.44	0.87	0.21	63.37	12.26	56.85
0.65	-0.66	0.36	314.57	21.17	54.91
0.35	-0.93	0.08	290.61	4.45	15.38
0.32	-0.08	0.94	345.50	70.61	62.39
0.72	-0.60	0.35	320.36	20.46	36.48
0.13	0.51	0.85	76.26	58.08	48.56
-0.65	0.26	0.72	157.95	45.88	63.88
-0.42	0.21	0.88	153.47	61.91	60.13
0.03	0.35	0.94	85.67	69.52	16.11
0.03	0.35	0.94	85.67	69.52	16.11
0.68	0.16	0.71	13.61	45.62	46.66
0.70	-0.57	0.44	320.67	25.84	55.95
0.68	0.16	0.71	13.61	45.62	46.66
0.83	0.15	0.54	10.57	32.57	81.57
0.84	-0.44	0.33	332.50	19.35	73.51
-0.89	0.24	0.38	164.66	22.45	45.69
0.26	0.83	0.50	72.60	29.76	85.74
0.86	-0.31	0.41	340.35	24.26	63.93
0.96	0.24	0.13	13.72	7.31	47.00
0.66	-0.73	0.19	312.40	10.75	55.76
-0.80	0.45	0.41	150.86	23.90	11.50
-0.58	0.81	0.06	125.66	3.17	30.08
0.11	0.51	0.85	77.60	58.48	62.72
0.96	0.24	0.13	13.72	7.31	47.00
0.74	0.29	0.60	21.50	37.05	29.88
0.86	-0.29	0.41	341.59	24.39	77.63
0.91	0.16	0.38	9.69	22.53	46.44
0.22	-0.98	0.03	282.68	1.91	84.54
0.19	0.56	0.80	71.14	53.54	77.38
-0.12	0.77	0.63	98.71	39.04	46.00
-0.12	0.77	0.63	98.71	39.04	46.00
-0.04	0.76	0.65	92.67	40.48	56.29
-0.36	-0.63	0.69	240.42	43.84	74.25
-0.27	-0.95	0.12	254.02	7.03	40.24
0.69	0.19	0.70	15.39	44.50	34.11
0.89	0.03	0.46	2.22	27.45	48.74
0.96	0.24	0.13	13.72	7.31	47.00
-0.94	0.30	0.16	161.99	9.43	70.63
0.51	-0.73	0.45	304.87	26.71	18.90
-0.46	-0.83	0.33	240.77	18.99	50.16
0.16	-0.86	0.48	280.58	28.58	69.58
0.92	0.40	0.05	23.44	2.65	41.31
0.55	0.66	0.51	50.13	30.74	16.07
-0.82	-0.40	0.40	206.15	23.60	58.18
-0.84	0.32	0.43	159.24	25.41	85.87
0.94	-0.34	0.07	340.16	3.81	89.05
-0.58	0.47	0.67	140.49	41.79	27.20
0.89	-0.45	0.07	333.12	3.80	34.40
-0.52	0.75	0.41	125.02	24.09	54.50
0.25	0.83	0.50	72.96	29.74	7.22
-0.64	-0.54	0.54	220.29	32.83	45.95
-0.09	0.53	0.84	99.19	57.28	7.91
0.96	0.24	0.13	13.72	7.31	47.00
-0.31	-0.92	0.24	251.65	13.90	34.72
-0.95	-0.29	0.16	196.85	9.01	62.84
-0.13	-0.32	0.94	248.31	69.54	52.75
-0.45	-0.42	0.79	223.07	52.46	80.95
-0.59	-0.52	0.62	221.67	38.36	85.88
0.82	0.10	0.57	7.14	34.72	23.93
0.11	-0.94	0.34	276.61	19.58	44.18
0.73	-0.37	0.58	333.11	35.62	51.38
0.97	-0.12	0.21	352.99	12.20	24.97
0.03	0.96	0.27	88.23	15.38	19.13
-0.69	-0.58	0.44	220.14	26.33	38.52
0.68	0.44	0.58	32.85	35.73	51.50
-0.53	-0.53	0.67	225.19	41.72	44.83
0.46	-0.85	0.24	298.42	14.08	16.22
0.51	-0.79	0.35	302.79	20.45	34.85
-1.00	0.01	0.00	179.45	0.07	59.72
-0.26	0.77	0.58	108.67	35.75	113.38
-0.03	0.88	0.48	91.78	28.69	63.25
-0.84	0.06	0.54	175.59	32.49	21.10
0.55	0.36	0.75	33.59	48.97	44.66
-0.70	0.71	0.07	134.75	3.78	45.54
-0.82	0.32	0.47	158.68	28.13	84.23
0.35	-0.92	0.20	290.69	11.80	38.97
-0.96	-0.29	0.02	196.98	1.42	62.81
-0.66	0.72	0.20	132.29	11.68	36.00
0.40	-0.48	0.78	310.31	51.28	79.79
-0.43	0.35	0.83	140.39	56.47	61.40
-0.95	-0.16	0.28	189.51	16.56	68.08
0.55	-0.84	0.02	303.35	1.08	54.68
0.90	0.37	0.24	22.62	14.03	66.38
-0.85	-0.48	0.22	209.47	12.54	10.10
-0.85	0.41	0.32	154.07	18.95	38.98
-0.04	-0.67	0.74	266.22	47.64	40.57
-0.56	0.82	0.10	124.23	5.95	6.36
0.45	-0.50	0.74	311.87	47.94	61.94
-0.37	0.09	0.92	165.62	67.54	73.48
0.03	0.50	0.87	86.34	59.93	19.61
0.81	0.49	0.33	31.24	19.27	55.23
0.72	0.32	0.61	23.60	37.86	29.91
-0.99	-0.14	0.01	187.82	0.57	20.96
0.03	0.50	0.87	86.34	59.93	19.61
-0.85	-0.53	0.04	211.89	2.51	69.68
0.48	0.83	0.29	59.62	16.91	48.04
0.50	0.86	0.01	59.79	0.71	62.46
-0.70	0.37	0.61	151.83	37.88	31.21
0.09	-0.97	0.20	275.51	11.69	47.10
-0.76	0.26	0.59	161.11	36.36	53.75
0.76	0.64	0.14	40.23	7.77	31.42
0.00	-0.76	0.65	270.14	40.55	43.79
-0.98	-0.06	0.19	183.53	11.06	22.41
0.96	0.01	0.26	0.63	15.25	30.05
1.00	-0.07	0.05	355.70	3.00	38.59
0.92	-0.34	0.20	339.74	11.70	40.61
-0.96	0.27	0.07	164.07	3.97	44.43
-0.93	-0.33	0.19	199.63	10.85	13.45
-0.51	-0.21	0.84	202.43	56.67	26.13
-0.28	0.03	0.96	173.04	73.79	20.17
0.09	-0.97	0.20	275.51	11.69	47.10
-0.12	-0.99	0.02	263.22	1.42	29.74
0.99	0.05	0.13	2.71	7.55	69.51
0.42	-0.24	0.88	330.07	61.35	56.50
-0.01	0.53	0.85	91.30	57.88	53.59
0.60	-0.01	0.80	358.63	53.34	13.78
-0.55	0.83	0.08	123.74	4.46	26.54
0.84	-0.53	0.05	327.72	2.80	20.10
-0.37	0.73	0.57	116.57	34.75	24.62
-0.94	0.34	0.05	160.06	2.76	72.30
-0.94	-0.13	0.30	187.78	17.57	55.35
-0.98	-0.13	0.12	187.61	6.77	22.77
0.98	-0.14	0.15	351.97	8.89	60.89
-0.92	-0.17	0.34	190.51	20.04	9.53
-0.39	0.14	0.91	160.48	65.77	20.55
0.16	0.83	0.54	78.75	32.72	25.47
0.76	0.44	0.48	29.94	28.80	56.53
0.44	-0.44	0.78	314.55	51.49	27.21
0.89	-0.45	0.00	333.08	0.02	41.88
0.82	0.51	0.26	32.16	14.86	22.03
-0.85	-0.07	0.52	184.38	31.17	16.11
1.00	-0.05	0.02	356.97	1.15	21.74
