# Column 1-3: misorientation axis in TSL Euler coordinates
# Column 4: alpha (in plane angle)
# Column 5: beta (out of plane angle)
# Column 6: misorientation angle
0.33	0.61	0.72	61.65	46.38	66.47
0.82	0.38	0.43	24.75	25.64	70.96
0.10	-0.10	0.99	313.89	81.86	26.33
-0.75	0.10	0.65	172.16	40.49	70.35
-0.85	-0.39	0.36	204.49	21.27	38.90
0.38	-0.63	0.68	301.25	42.59	18.49
-0.61	-0.63	0.48	226.24	28.61	59.46
-0.15	0.43	0.89	109.58	62.80	41.50
0.77	0.49	0.41	32.13	23.97	67.55
0.95	0.01	0.30	0.66	17.41	57.86
0.79	0.28	0.54	19.77	32.76	70.38
-0.34	-0.35	0.87	225.52	60.55	18.26
0.98	0.02	0.19	0.92	10.69	52.87
-0.99	-0.11	0.04	186.55	2.40	19.46
-0.11	0.61	0.78	99.92	51.42	44.54
0.06	0.47	0.88	83.09	61.80	31.61
0.69	0.60	0.41	41.03	24.20	52.85
0.54	0.07	0.84	7.48	56.71	76.82
-0.11	-0.99	0.10	263.50	5.68	67.91
-0.25	-0.86	0.44	253.57	25.88	12.28
-0.86	-0.33	0.37	201.15	22.02	62.16
-0.36	0.80	0.48	114.15	28.52	11.17
0.75	0.52	0.40	34.54	23.80	74.07
0.02	0.22	0.97	83.67	76.98	32.02
-0.90	-0.24	0.36	195.11	21.21	55.02
-0.20	0.73	0.66	105.49	41.00	53.07
0.48	0.69	0.54	55.01	32.48	60.77
-0.85	-0.52	0.12	211.47	6.69	12.15
0.79	-0.19	0.59	346.09	36.00	21.25
-0.42	-0.56	0.71	233.43	45.42	36.66
-0.78	-0.40	0.48	207.15	28.53	39.76
-0.79	-0.40	0.48	206.82	28.37	39.74
-0.26	-0.59	0.76	245.87	49.84	79.16
0.50	-0.63	0.60	308.33	36.57	35.12
-0.26	-0.59	0.76	245.87	49.84	79.16
-0.55	-0.78	0.30	235.14	17.19	68.61
0.71	0.10	0.69	8.09	43.95	61.49
0.07	-0.99	0.09	273.81	5.41	30.29
0.77	-0.39	0.51	333.26	30.69	66.84
-0.14	0.96	0.25	98.07	14.37	28.02
0.74	-0.12	0.66	350.46	41.48	66.83
-0.03	-0.95	0.33	267.92	18.97	52.90
0.23	-0.97	0.11	283.12	6.39	43.68
-0.94	-0.19	0.28	191.66	16.11	64.80
-0.35	0.07	0.93	168.08	69.03	30.40
0.78	0.40	0.49	26.98	29.13	26.15
0.91	0.34	0.24	20.78	14.13	43.26
-0.77	-0.01	0.64	180.63	39.77	50.93
-0.45	0.88	0.17	116.94	10.01	53.03
-0.43	0.73	0.53	120.62	31.97	74.61
0.62	-0.50	0.60	320.96	37.00	71.23
-0.39	0.92	0.04	113.05	2.07	68.93
0.70	0.53	0.48	36.88	28.65	57.23
-0.24	-0.17	0.96	215.22	72.83	42.50
0.53	-0.67	0.52	308.45	31.45	53.73
0.33	0.63	0.70	62.37	44.29	50.45
0.79	0.31	0.53	21.24	31.78	71.25
-0.95	-0.31	0.08	197.82	4.68	76.95
-0.98	-0.16	0.11	189.00	6.26	70.95
0.99	0.01	0.15	0.40	8.57	52.45
-0.05	-0.86	0.50	266.95	30.31	35.99
-0.62	-0.42	0.66	214.37	41.66	36.53
0.71	0.52	0.48	36.61	28.42	64.99
0.71	0.52	0.48	36.61	28.42	64.99
0.33	0.74	0.59	65.87	36.21	52.84
-0.38	0.61	0.70	122.10	44.06	54.64
-0.70	0.49	0.51	144.85	30.98	58.52
-0.53	0.18	0.82	160.92	55.56	79.38
-0.95	0.30	0.14	162.55	7.80	48.65
0.66	0.17	0.73	14.04	47.09	73.01
0.44	0.78	0.45	60.27	26.77	110.19
-0.17	0.83	0.53	101.38	32.13	75.98
-0.01	1.00	0.09	90.43	4.88	72.82
0.83	0.56	0.03	33.86	1.78	76.48
-0.48	-0.76	0.44	238.02	26.20	53.67
0.57	0.38	0.73	33.91	46.89	44.47
0.87	-0.48	0.11	330.92	6.24	36.07
0.11	-0.80	0.59	277.96	36.21	20.20
0.87	-0.34	0.36	338.49	20.93	68.01
-0.95	-0.18	0.26	190.83	14.86	56.25
-0.79	-0.26	0.56	198.52	34.07	77.10
-0.95	-0.18	0.26	190.83	14.86	56.25
0.86	-0.45	0.25	332.44	14.63	62.92
0.08	-0.42	0.91	280.26	65.03	47.11
0.48	-0.28	0.83	329.89	56.52	60.77
0.33	0.81	0.48	67.94	28.76	53.91
0.46	-0.31	0.83	325.64	56.53	38.61
-0.38	0.47	0.80	128.73	52.95	53.39
0.83	-0.46	0.31	331.01	18.32	36.97
-0.03	0.92	0.40	92.05	23.58	86.49
0.04	0.22	0.97	80.58	76.83	40.67
0.36	-0.89	0.27	292.22	15.94	62.90
-0.95	0.30	0.12	162.59	6.67	48.78
-0.95	0.30	0.12	162.59	6.67	48.78
-0.98	-0.11	0.19	186.28	10.81	39.76
-0.68	-0.65	0.33	223.93	19.34	25.36
0.30	-0.51	0.81	300.50	53.65	95.05
0.14	-0.21	0.97	303.30	75.18	71.22
-0.06	0.39	0.92	98.54	66.54	28.76
0.31	0.65	0.69	64.49	43.95	77.50
0.31	0.65	0.69	64.49	43.95	77.50
0.98	-0.22	0.04	347.41	2.37	39.08
0.93	-0.34	0.12	340.20	7.04	74.31
-0.72	-0.21	0.66	196.06	41.53	42.43
-0.10	-0.89	0.44	263.83	26.07	76.55
-0.10	-0.89	0.44	263.83	26.07	76.55
0.04	-0.80	0.59	273.08	36.50	72.27
0.04	-0.80	0.59	273.08	36.50	72.27
0.10	-0.89	0.45	276.61	26.84	54.75
-0.44	-0.66	0.60	236.20	36.94	69.81
0.21	-0.93	0.29	282.94	16.74	78.06
-0.36	-0.32	0.88	221.75	61.58	83.88
-0.72	-0.39	0.57	208.31	34.82	109.31
-0.54	0.08	0.84	171.88	56.90	72.60
0.11	0.99	0.01	83.74	0.30	59.79
-0.49	0.66	0.58	126.62	35.30	48.17
0.32	0.72	0.62	66.02	38.47	34.99
-0.80	-0.32	0.50	201.54	30.26	73.98
0.52	-0.74	0.44	305.20	25.86	52.19
0.02	0.64	0.77	88.28	50.00	60.61
0.55	-0.40	0.73	323.47	47.16	38.04
0.55	-0.40	0.73	323.47	47.16	38.04
-0.48	-0.17	0.86	199.94	59.35	83.92
-0.88	-0.21	0.43	193.65	25.40	74.66
-0.10	-0.98	0.15	264.26	8.35	41.41
0.05	0.92	0.38	86.70	22.17	34.16
-0.63	-0.63	0.46	225.08	27.58	103.71
0.58	-0.05	0.81	354.84	54.53	30.81
0.48	-0.51	0.71	312.92	45.57	32.22
-0.70	-0.66	0.26	223.52	15.23	25.12
0.91	0.13	0.39	7.84	22.90	20.45
0.05	-0.98	0.21	273.12	12.09	44.84
0.82	-0.58	0.01	324.60	0.83	24.70
-0.37	-0.93	0.02	248.52	1.39	15.07
0.47	0.48	0.75	45.48	48.19	61.13
0.73	-0.50	0.47	325.62	27.85	56.68
0.26	-0.47	0.84	298.93	57.56	61.06
-0.55	-0.83	0.10	236.15	5.58	76.27
0.20	-0.77	0.61	284.29	37.48	61.53
0.77	-0.48	0.41	327.90	24.39	67.76
-0.44	0.87	0.23	116.69	13.03	29.47
-0.77	0.26	0.59	161.47	36.03	34.67
-0.74	-0.19	0.65	194.34	40.41	35.18
-1.00	-0.01	0.10	180.64	5.62	26.71
0.02	-0.92	0.38	271.05	22.40	45.00
0.02	-0.92	0.38	271.05	22.40	45.00
0.02	-0.92	0.38	271.05	22.40	45.00
0.61	-0.78	0.12	307.83	6.94	56.98
0.61	-0.78	0.12	307.83	6.94	56.98
0.27	0.68	0.68	68.03	42.75	13.92
-0.09	-0.77	0.64	263.12	39.44	107.49
-0.25	-0.96	0.14	255.61	8.11	27.31
-0.72	-0.56	0.42	217.82	24.76	60.06
-0.11	0.05	0.99	154.84	83.01	80.02
-0.62	-0.52	0.58	220.04	35.59	31.31
-0.62	-0.52	0.58	220.04	35.59	31.31
0.06	-0.99	0.12	273.23	6.76	55.05
0.76	0.00	0.65	0.24	40.84	44.80
-0.55	-0.32	0.77	210.32	50.23	64.27
-0.02	-0.63	0.78	268.40	50.88	78.14
-0.64	0.73	0.22	131.22	12.44	6.72
-0.55	-0.32	0.77	210.32	50.23	64.27
0.78	-0.58	0.23	323.35	13.05	43.16
0.28	-0.74	0.61	290.89	37.48	28.88
-0.94	-0.25	0.22	195.00	12.78	68.20
-0.94	-0.25	0.22	195.00	12.78	68.20
-0.96	0.27	0.12	164.50	7.01	68.93
-0.84	-0.27	0.47	198.15	28.35	71.49
0.72	-0.55	0.43	322.85	25.32	54.54
-0.36	-0.57	0.74	237.65	47.44	2.47
-0.95	0.26	0.16	164.79	9.07	69.67
-0.83	0.48	0.27	149.89	15.48	6.85
0.77	-0.52	0.37	325.83	21.69	59.83
-0.58	0.67	0.47	130.85	28.04	75.35
-0.58	0.67	0.47	130.85	28.04	75.35
0.12	0.57	0.81	78.18	54.45	15.89
-0.18	0.66	0.73	105.29	46.56	19.61
-0.59	-0.07	0.80	186.40	53.33	59.94
-0.59	-0.07	0.80	186.40	53.33	59.94
-0.18	-0.98	0.04	259.34	2.30	81.03
0.60	-0.80	0.01	307.09	0.55	46.66
-0.58	0.67	0.47	130.85	28.04	75.35
0.61	-0.43	0.66	324.61	41.56	58.49
0.66	0.35	0.66	27.94	41.53	60.17
0.00	-0.97	0.23	270.06	13.31	16.16
-0.95	-0.02	0.33	181.46	19.02	79.64
0.83	-0.41	0.39	333.87	23.01	43.04
-0.42	-0.70	0.58	239.21	35.62	29.59
-0.42	-0.70	0.58	239.21	35.62	29.59
-0.82	-0.36	0.44	203.97	26.18	83.19
0.32	-0.50	0.81	303.16	53.73	24.88
0.53	-0.50	0.68	316.75	43.21	82.40
-0.73	-0.58	0.36	218.31	21.14	80.34
0.57	-0.10	0.82	350.14	54.84	12.78
-0.31	-0.66	0.69	245.19	43.33	65.18
0.57	-0.10	0.82	350.14	54.84	12.78
-0.94	-0.34	0.05	200.20	2.89	31.65
0.68	-0.56	0.47	320.24	27.99	55.57
0.63	0.38	0.68	31.05	43.00	27.22
0.61	-0.43	0.66	324.61	41.56	58.49
-0.33	0.77	0.54	113.40	32.64	30.47
0.23	-0.97	0.02	283.57	1.01	48.40
-0.04	-0.79	0.61	267.07	37.43	82.60
0.15	-0.92	0.37	279.22	21.52	60.28
-0.29	-0.70	0.65	247.44	40.30	82.64
0.89	-0.41	0.18	335.27	10.62	93.70
-0.46	-0.63	0.63	234.24	38.76	33.32
0.61	-0.43	0.66	324.61	41.56	58.49
-0.21	0.67	0.72	107.73	45.65	19.39
0.73	-0.25	0.64	341.22	39.81	55.11
0.77	-0.52	0.38	326.20	22.05	60.31
-0.97	0.13	0.20	172.61	11.67	70.11
0.22	-0.62	0.75	289.28	48.65	54.53
0.59	0.62	0.52	46.07	31.17	29.38
0.18	0.98	0.07	79.73	3.94	66.67
0.06	-0.38	0.92	279.10	67.60	53.96
-0.11	0.06	0.99	151.63	82.80	35.96
-0.13	-0.94	0.31	261.92	17.79	43.80
-0.94	0.17	0.29	169.67	16.58	87.42
0.87	-0.49	0.10	330.60	5.86	63.59
0.43	-0.86	0.29	296.66	16.91	55.06
-0.76	-0.65	0.08	220.62	4.74	65.99
-0.88	0.22	0.41	165.88	24.21	86.33
0.33	-0.59	0.74	299.30	47.53	78.33
-0.97	0.16	0.17	170.70	9.90	30.55
-0.87	-0.29	0.39	198.48	23.19	32.76
-0.93	0.35	0.06	159.49	3.57	76.73
0.48	-0.83	0.27	299.96	15.79	55.00
-0.45	0.76	0.47	120.48	27.83	32.97
0.46	0.66	0.59	55.11	35.97	52.59
-0.12	-0.93	0.35	262.87	20.78	56.63
0.46	0.72	0.52	57.15	31.66	60.88
-1.00	-0.02	0.05	181.02	2.81	37.20
-0.88	-0.14	0.46	188.99	27.19	70.25
-0.88	-0.14	0.46	188.99	27.19	70.25
-0.88	-0.14	0.46	188.99	27.19	70.25
0.85	-0.53	0.04	328.07	2.14	65.93
0.71	0.46	0.53	33.11	32.03	68.40
0.80	-0.25	0.55	342.65	33.35	24.37
0.80	-0.25	0.55	342.65	33.35	24.37
-0.61	0.78	0.15	127.77	8.89	75.61
-0.15	0.80	0.59	100.91	35.93	25.30
0.29	0.77	0.57	69.62	34.57	51.94
-0.80	0.53	0.28	146.23	16.19	68.26
0.56	0.04	0.83	4.48	56.02	91.36
0.57	-0.80	0.18	305.71	10.54	56.95
0.16	-0.80	0.57	281.42	34.84	43.11
-0.47	-0.37	0.80	217.81	53.26	54.35
-0.38	0.12	0.92	162.25	66.27	71.60
-0.20	0.84	0.50	103.55	30.09	60.87
-0.20	0.84	0.50	103.55	30.09	60.87
-0.19	0.97	0.18	100.90	10.26	72.80
-0.03	0.80	0.59	92.33	36.44	70.19
0.20	0.62	0.76	71.94	49.14	42.46
-0.53	0.83	0.17	122.82	10.05	26.05
0.70	-0.69	0.18	315.56	10.41	59.68
-0.85	-0.29	0.44	199.12	26.25	61.52
-0.54	0.70	0.47	127.76	27.74	11.83
-0.62	-0.78	0.10	231.39	5.61	66.99
0.77	-0.49	0.41	327.88	23.91	55.71
-0.80	-0.44	0.41	208.53	24.12	42.73
0.78	0.61	0.09	38.11	4.99	69.17
0.80	0.33	0.51	22.65	30.44	78.08
0.78	-0.62	0.09	321.33	4.93	19.09
0.59	0.78	0.20	53.10	11.35	21.03
0.59	0.78	0.20	53.10	11.35	21.03
0.93	-0.09	0.36	354.38	21.07	39.72
-0.98	-0.12	0.15	186.71	8.54	50.70
-0.60	0.01	0.80	179.19	53.04	88.56
0.84	-0.51	0.16	328.79	9.20	62.65
-0.55	0.45	0.70	140.99	44.62	58.75
-0.98	0.21	0.04	167.57	2.43	14.82
0.56	-0.81	0.16	304.85	9.04	64.83
-0.24	0.04	0.97	169.37	75.90	63.92
-0.85	0.44	0.28	152.78	16.52	24.58
-0.00	-0.99	0.13	269.88	7.44	28.75
-0.77	0.17	0.62	167.77	38.33	57.46
0.22	-0.42	0.88	297.69	61.94	72.38
0.11	0.95	0.30	83.60	17.74	24.24
-0.92	-0.08	0.39	185.14	23.10	82.54
-0.51	-0.86	0.07	239.32	4.19	54.62
0.79	-0.24	0.57	343.31	34.80	70.03
0.42	0.85	0.32	63.67	18.78	63.95
0.61	-0.79	0.01	307.62	0.86	21.13
-0.30	0.32	0.90	132.61	63.81	46.73
-0.96	0.17	0.24	169.81	13.85	63.86
0.94	0.25	0.22	14.84	12.50	86.16
0.45	0.80	0.41	60.52	24.04	69.77
0.63	0.73	0.27	49.43	15.82	47.01
0.39	-0.45	0.80	311.46	53.42	12.58
-0.69	-0.01	0.72	180.62	46.05	58.83
0.79	-0.24	0.57	343.31	34.80	70.03
-0.66	-0.21	0.73	197.56	46.50	10.59
-0.06	0.29	0.95	101.16	72.57	6.00
0.79	-0.31	0.53	338.79	31.72	67.64
0.40	0.72	0.57	60.56	34.59	72.59
0.40	0.72	0.57	60.56	34.59	72.59
-0.68	0.33	0.65	154.39	40.70	14.62
-0.68	0.33	0.65	154.39	40.70	14.62
0.73	-0.09	0.68	352.76	42.94	35.84
0.90	-0.03	0.44	358.11	26.02	86.20
0.91	-0.09	0.41	354.10	23.95	84.20
0.50	0.86	0.03	59.92	1.91	71.66
-0.95	-0.08	0.31	184.57	18.03	25.23
-0.05	-0.64	0.76	265.62	49.74	88.94
0.87	0.26	0.41	16.74	24.45	81.01
0.87	0.39	0.31	23.95	18.28	76.18
0.16	-0.82	0.55	281.07	33.09	55.37
-0.95	-0.20	0.24	192.05	14.02	78.17
-0.14	0.98	0.13	97.86	7.30	16.78
-0.79	0.45	0.42	150.51	25.06	31.51
0.49	0.86	0.13	60.22	7.59	61.66
-0.19	0.10	0.98	151.04	77.67	76.68
-0.86	0.49	0.12	150.19	7.17	92.28
-0.51	0.56	0.65	132.08	40.49	20.47
-0.51	0.56	0.65	132.08	40.49	20.47
0.80	0.10	0.58	7.22	35.78	65.79
-0.92	-0.04	0.40	182.27	23.52	79.02
-0.68	-0.73	0.11	227.06	6.03	65.12
-0.71	-0.61	0.36	220.51	20.86	11.79
0.19	0.83	0.52	77.11	31.32	9.63
0.69	0.71	0.17	45.82	9.60	38.91
0.36	0.81	0.47	65.78	27.96	60.60
-0.81	0.30	0.50	159.97	30.27	39.83
0.11	-0.98	0.14	276.65	7.95	17.67
-0.70	-0.70	0.16	224.93	9.10	41.84
-0.38	0.87	0.32	113.85	18.95	33.32
0.40	-0.82	0.41	296.13	24.19	73.13
-0.37	-0.34	0.86	223.13	59.87	39.50
-0.97	0.22	0.00	167.09	0.25	70.34
-0.05	-0.99	0.10	267.17	5.93	48.20
0.82	0.46	0.34	28.98	20.04	54.68
-0.33	0.91	0.25	110.07	14.50	50.16
0.95	-0.15	0.28	350.95	16.30	36.00
-0.08	0.32	0.95	104.64	70.91	47.98
0.52	0.45	0.73	40.80	47.06	98.50
-0.08	0.91	0.41	94.73	23.94	80.22
-0.08	0.91	0.41	94.73	23.94	80.22
-0.53	0.59	0.61	132.07	37.72	62.04
-0.56	0.68	0.48	129.43	28.53	93.27
0.96	-0.06	0.27	356.18	15.88	15.81
-0.94	0.18	0.28	169.32	16.22	58.83
-0.56	-0.22	0.80	201.79	52.77	25.68
-0.58	0.80	0.13	126.05	7.31	24.87
0.95	-0.14	0.27	351.76	15.67	75.02
-0.93	0.37	0.02	158.53	1.11	45.78
0.71	0.20	0.67	15.40	42.29	20.62
0.95	-0.24	0.22	345.81	12.48	35.72
0.19	0.35	0.92	61.98	66.75	65.49
0.78	-0.15	0.61	349.17	37.32	58.36
0.56	0.41	0.72	35.99	45.86	85.18
0.56	0.41	0.72	35.99	45.86	85.18
-0.24	0.41	0.88	120.09	61.63	16.34
0.87	-0.48	0.10	331.06	5.62	8.18
-0.72	-0.01	0.70	180.55	44.05	66.91
-0.64	-0.74	0.22	229.13	12.48	44.85
0.65	0.33	0.69	27.29	43.31	33.76
0.65	0.33	0.69	27.29	43.31	33.76
0.77	0.42	0.48	28.32	28.77	55.75
-0.81	-0.45	0.37	209.04	21.42	58.19
-0.60	0.23	0.77	159.34	50.33	11.51
0.79	0.38	0.47	25.75	28.13	80.03
-0.59	0.64	0.49	132.82	29.40	51.47
0.74	0.67	0.12	42.11	6.61	81.78
0.40	-0.54	0.74	306.31	47.47	58.91
-0.98	0.18	0.07	169.82	4.19	12.35
0.56	0.14	0.81	13.53	54.56	9.53
0.01	0.30	0.95	87.21	72.56	32.09
0.29	0.93	0.21	72.74	12.20	80.30
0.87	0.26	0.41	16.74	24.45	81.01
0.87	0.26	0.41	16.74	24.45	81.01
-0.60	0.23	0.77	159.34	50.33	11.51
-0.98	0.18	0.07	169.82	4.19	12.35
0.76	0.62	0.18	39.22	10.29	71.50
-0.62	0.17	0.77	165.00	50.15	22.53
0.95	-0.22	0.24	347.02	13.82	23.40
-0.45	-0.54	0.71	230.57	45.44	13.32
-0.81	0.43	0.39	152.14	22.83	27.16
-0.65	-0.32	0.69	206.47	43.89	48.94
-0.19	0.69	0.69	105.22	43.99	19.23
0.60	0.47	0.64	38.28	40.06	51.17
0.60	0.47	0.64	38.28	40.06	51.17
0.72	0.21	0.66	16.49	40.96	68.01
-0.35	0.93	0.13	110.52	7.41	31.89
0.88	-0.47	0.03	332.19	1.52	32.90
0.04	-0.14	0.99	287.51	81.78	45.42
0.30	-0.05	0.95	351.17	72.27	25.13
-0.50	0.67	0.55	126.48	33.54	47.94
0.53	-0.09	0.85	350.24	57.69	68.85
0.10	-0.95	0.31	275.82	17.97	67.12
0.40	0.72	0.57	60.56	34.59	72.59
-0.53	-0.85	0.02	237.88	1.26	77.28
-0.69	-0.56	0.47	219.09	27.90	92.27
0.95	0.32	0.01	18.82	0.83	76.05
0.13	0.75	0.65	80.28	40.54	44.54
-0.28	0.13	0.95	155.40	72.16	77.56
-0.11	-0.47	0.88	257.22	61.43	56.12
-0.91	-0.32	0.27	199.23	15.90	58.65
-0.91	-0.32	0.27	199.23	15.90	58.65
0.71	0.51	0.48	35.92	28.80	75.16
0.83	0.29	0.47	19.16	28.21	66.11
-0.11	0.99	0.06	96.40	3.25	30.43
0.50	0.86	0.12	59.46	6.80	54.04
0.50	0.86	0.12	59.46	6.80	54.04
-0.72	0.69	0.05	136.25	3.00	53.79
0.71	-0.53	0.47	323.54	27.77	40.00
0.00	-0.34	0.94	270.30	70.42	63.44
-0.03	-0.12	0.99	257.90	83.02	8.99
-0.41	0.83	0.38	116.23	22.28	33.33
-0.58	-0.81	0.01	234.24	0.46	65.61
0.43	-0.89	0.15	296.01	8.63	14.86
0.97	0.18	0.16	10.76	9.24	79.09
0.97	0.13	0.20	7.64	11.78	70.07
-0.13	0.54	0.83	103.36	56.57	14.14
-0.81	-0.35	0.46	203.47	27.47	13.85
0.68	0.02	0.73	1.55	47.00	72.59
0.26	0.84	0.47	73.10	28.23	72.52
0.17	-0.59	0.79	286.35	51.89	14.70
0.16	0.97	0.21	80.70	12.06	71.10
0.55	0.69	0.47	51.37	27.90	29.51
-0.24	0.92	0.31	104.93	18.05	9.24
0.47	0.69	0.54	55.93	32.97	101.70
0.68	0.43	0.59	32.15	36.43	38.04
0.95	0.27	0.17	15.76	9.69	46.05
0.58	-0.58	0.58	314.98	35.27	6.29
0.71	-0.02	0.71	358.22	45.12	77.73
0.66	0.39	0.64	30.23	39.73	54.24
0.71	0.64	0.31	41.84	17.76	61.68
0.80	0.56	0.21	34.61	12.25	71.51
-0.41	0.90	0.15	114.45	8.78	53.90
0.56	0.15	0.82	15.26	54.83	67.69
0.48	-0.82	0.33	300.42	19.03	19.92
0.11	0.38	0.92	74.18	66.67	7.06
0.61	0.42	0.67	34.82	42.05	60.07
0.33	0.07	0.94	11.95	70.42	67.81
-0.74	-0.02	0.67	181.88	41.83	66.31
-0.63	-0.73	0.28	229.19	16.20	85.09
0.20	0.67	0.71	73.13	45.46	63.45
-0.07	0.91	0.40	94.38	23.60	38.92
0.30	-0.07	0.95	346.79	72.30	65.80
-0.99	0.07	0.11	175.70	6.35	44.08
0.91	-0.25	0.33	344.41	19.04	54.58
0.34	0.64	0.69	62.12	43.32	59.79
0.13	0.11	0.99	40.60	80.12	70.97
0.39	0.65	0.65	59.29	40.87	53.43
-0.07	1.00	0.06	93.78	3.20	38.01
0.74	0.65	0.16	41.47	9.37	83.45
-0.65	-0.75	0.08	229.18	4.65	65.09
-0.65	-0.75	0.08	229.18	4.65	65.09
-0.08	0.91	0.41	95.22	23.98	41.30
-0.58	-0.57	0.58	224.86	35.41	40.59
0.47	-0.54	0.70	310.97	44.71	25.56
0.98	0.13	0.14	7.48	8.06	37.54
-0.76	0.61	0.23	141.15	13.11	51.58
0.92	-0.32	0.23	340.60	13.20	56.03
1.00	0.04	0.01	2.14	0.46	39.85
-0.69	0.47	0.54	145.76	32.98	54.76
0.24	0.37	0.90	56.48	63.86	86.11
-0.96	-0.20	0.19	192.03	11.00	47.40
-0.01	1.00	0.00	90.80	0.11	34.42
-0.95	0.25	0.17	165.39	9.82	45.44
0.38	0.90	0.23	67.28	13.43	29.85
1.00	0.00	0.07	0.23	3.95	26.28
1.00	0.00	0.07	0.23	3.95	26.28
-0.30	-0.61	0.74	243.86	47.34	50.99
0.81	-0.03	0.59	357.73	36.16	15.28
0.51	0.82	0.27	57.81	15.54	79.02
0.37	0.91	0.19	68.14	11.14	82.77
0.99	-0.14	0.03	351.75	1.44	67.09
0.99	-0.14	0.03	351.75	1.44	67.09
0.65	0.53	0.55	39.44	33.14	37.78
-0.04	-0.96	0.27	267.64	15.92	57.73
-0.81	0.59	0.07	143.95	3.96	83.36
-0.17	0.92	0.36	100.41	21.32	88.52
0.11	0.63	0.77	80.26	50.06	60.91
-0.29	0.88	0.38	108.59	22.33	65.62
0.55	0.79	0.28	55.10	16.40	37.16
0.10	-0.07	0.99	325.19	83.31	44.04
-0.10	-0.28	0.96	250.81	72.75	37.49
0.20	0.29	0.94	55.95	69.29	60.54
0.64	-0.28	0.72	336.00	45.90	46.08
-0.28	0.59	0.75	115.63	48.82	30.45
0.59	-0.72	0.36	309.22	21.10	35.94
0.91	-0.35	0.21	339.13	12.27	51.37
0.22	-0.35	0.91	302.34	65.71	21.22
-0.91	0.38	0.15	157.25	8.65	32.58
-0.87	-0.43	0.23	206.23	13.31	67.82
-0.95	0.12	0.30	172.78	17.31	46.02
0.39	0.48	0.79	50.80	52.14	41.39
0.87	0.31	0.38	19.34	22.25	53.58
0.50	-0.77	0.39	303.23	23.00	78.69
-0.15	0.23	0.96	123.77	74.05	43.66
0.81	-0.57	0.16	325.08	8.95	43.99
-0.58	-0.60	0.54	226.06	32.97	65.34
-0.58	-0.60	0.54	226.06	32.97	65.34
0.62	0.31	0.72	26.36	46.23	25.53
-0.53	0.81	0.24	123.13	13.77	59.77
0.40	-0.92	0.05	293.58	2.96	66.67
0.40	-0.92	0.05	293.58	2.96	66.67
0.47	-0.87	0.17	298.51	9.53	41.44
0.12	-0.05	0.99	335.67	82.62	58.46
-1.00	-0.04	0.01	182.27	0.60	31.79
0.23	-0.84	0.49	285.51	29.43	32.67
0.14	-0.66	0.74	281.57	47.50	67.46
-0.87	-0.24	0.43	195.34	25.71	24.74
-0.87	-0.24	0.43	195.34	25.71	24.74
0.97	-0.24	0.05	346.06	2.94	60.13
-0.74	0.59	0.34	141.45	19.67	74.95
0.52	-0.82	0.22	302.28	12.86	60.08
-0.08	0.99	0.09	94.70	5.17	59.10
-0.13	0.02	0.99	173.17	82.69	23.37
0.62	0.37	0.69	31.16	43.70	51.35
0.72	-0.69	0.07	316.20	4.08	82.47
0.82	-0.19	0.55	346.95	33.19	85.31
0.19	0.93	0.31	78.33	17.83	40.52
0.30	0.75	0.59	68.29	35.98	59.78
0.66	0.59	0.46	41.97	27.25	63.79
-0.18	-0.48	0.86	249.45	59.45	54.30
0.94	0.30	0.18	17.83	10.46	22.89
0.75	0.48	0.45	32.96	26.97	84.58
0.93	0.31	0.20	18.42	11.77	88.84
0.55	0.18	0.81	17.79	54.48	70.16
0.41	0.86	0.31	64.28	17.97	60.47
-1.00	-0.04	0.01	182.27	0.60	31.79
0.15	0.75	0.65	78.53	40.45	10.30
0.35	0.86	0.36	67.70	20.82	39.19
0.05	0.51	0.86	84.97	59.00	91.99
0.98	-0.17	0.12	350.29	7.05	70.74
0.75	-0.42	0.52	330.82	31.24	77.77
0.39	0.77	0.50	63.13	29.98	88.48
-0.57	-0.73	0.38	231.94	22.29	77.47
0.55	0.55	0.62	45.03	38.42	55.11
-0.10	-0.83	0.54	263.03	32.91	71.57
-0.10	-0.83	0.54	263.03	32.91	71.57
-0.33	-0.85	0.41	248.87	24.17	42.03
-0.32	-0.36	0.87	228.23	61.04	18.58
-0.47	0.73	0.51	122.73	30.41	52.42
0.14	0.79	0.60	80.28	36.80	49.75
-0.84	0.21	0.50	166.05	29.70	45.83
-0.93	-0.29	0.25	197.32	14.27	43.75
-0.42	0.53	0.74	128.31	47.58	54.00
-0.42	0.53	0.74	128.31	47.58	54.00
-0.42	0.53	0.74	128.31	47.58	54.00
-0.18	-0.48	0.86	249.45	59.45	54.30
-0.10	0.96	0.25	95.69	14.74	80.44
-0.17	0.16	0.97	136.72	76.40	70.26
-0.17	0.16	0.97	136.72	76.40	70.26
0.59	0.50	0.63	40.54	39.13	44.75
0.92	0.28	0.29	16.97	16.80	77.07
0.70	-0.55	0.45	322.15	27.00	84.86
-0.14	-0.90	0.40	261.12	23.72	13.34
-0.60	-0.71	0.36	229.61	21.39	30.02
0.49	0.80	0.33	58.51	19.30	83.04
0.06	0.24	0.97	76.38	75.63	56.62
-0.42	-0.26	0.87	211.28	60.26	32.18
0.27	0.86	0.44	72.82	26.20	29.11
0.27	-0.23	0.94	319.45	69.52	16.51
0.14	-0.44	0.89	287.93	62.45	22.83
0.88	-0.17	0.44	349.03	26.37	10.56
-0.13	-0.98	0.13	262.57	7.45	52.29
-0.75	0.40	0.53	152.16	31.84	51.41
0.93	-0.25	0.26	345.00	15.32	20.51
-0.44	0.52	0.73	129.95	46.78	40.71
-0.20	0.80	0.57	104.36	34.84	80.11
-0.57	-0.73	0.38	231.94	22.29	77.47
-0.23	0.86	0.45	104.81	26.77	54.58
0.14	-0.66	0.74	281.57	47.50	67.46
-0.88	-0.46	0.12	207.64	6.76	88.57
0.77	0.63	0.06	39.11	3.20	24.08
0.49	-0.02	0.87	358.09	60.59	36.56
-0.11	-0.41	0.91	254.34	64.91	19.59
0.50	-0.72	0.48	304.78	28.74	79.12
0.97	-0.19	0.16	348.86	9.20	56.71
-0.58	0.41	0.71	145.12	44.87	52.56
-0.09	0.48	0.87	101.10	60.66	72.47
-0.00	-0.54	0.84	269.78	57.17	26.28
-0.68	-0.58	0.45	220.87	26.68	67.76
0.10	-0.98	0.19	275.93	11.05	62.41
-0.90	-0.40	0.13	204.10	7.70	25.74
0.37	-0.87	0.33	293.08	19.23	14.07
0.43	-0.82	0.37	297.83	21.94	28.55
0.74	0.58	0.33	38.32	19.45	86.07
0.90	-0.26	0.35	343.65	20.23	61.31
0.24	0.65	0.72	69.54	45.88	53.69
-0.27	-0.94	0.21	253.82	12.10	38.07
0.49	-0.87	0.07	299.70	4.27	73.80
0.80	-0.59	0.07	323.55	3.77	61.07
-0.75	-0.58	0.32	217.91	18.46	18.49
-0.25	-0.85	0.46	253.98	27.24	47.19
-0.40	-0.87	0.29	245.00	16.91	46.90
0.77	0.29	0.56	20.53	34.24	51.52
0.02	-0.25	0.97	273.70	75.31	19.09
0.80	0.35	0.49	23.48	29.58	83.12
0.80	0.35	0.49	23.48	29.58	83.12
0.29	-0.84	0.46	288.88	27.15	27.69
-0.75	0.58	0.32	142.25	18.39	63.40
0.65	0.66	0.38	45.66	22.32	67.00
0.65	0.70	0.29	47.15	16.65	89.94
-0.22	-0.86	0.46	255.87	27.12	60.44
-0.70	0.48	0.53	145.63	32.17	15.23
-0.41	-0.50	0.76	230.89	49.53	60.35
0.75	0.41	0.51	28.70	30.73	37.49
-0.40	0.83	0.39	115.78	22.90	30.92
0.01	-1.00	0.03	270.68	1.86	73.21
-0.80	-0.48	0.35	211.05	20.42	70.07
-0.12	-0.94	0.31	262.77	17.87	49.84
-0.25	0.22	0.94	139.26	70.34	56.51
-0.15	-0.80	0.58	259.63	35.75	37.08
0.63	0.41	0.66	32.99	41.30	19.80
0.63	0.41	0.66	32.99	41.30	19.80
-0.16	0.99	0.01	98.93	0.54	70.25
-0.32	0.43	0.84	127.06	57.37	45.06
-0.84	-0.45	0.30	208.48	17.43	55.09
0.71	0.60	0.38	40.27	22.44	47.97
-0.15	0.87	0.47	99.82	27.77	55.27
0.22	-0.77	0.60	286.26	36.61	29.11
-0.80	-0.35	0.49	203.91	29.02	14.46
-0.80	-0.35	0.49	203.91	29.02	14.46
0.15	-0.54	0.83	285.32	55.70	39.30
0.79	0.53	0.31	33.91	18.20	38.28
-0.70	-0.41	0.58	210.20	35.48	14.81
-0.40	0.86	0.31	115.00	17.99	84.52
0.49	-0.86	0.15	299.56	8.56	34.93
0.93	-0.37	0.01	337.99	0.80	54.33
-0.69	0.61	0.39	138.80	23.15	93.29
-0.37	-0.01	0.93	182.19	68.25	61.76
-0.38	-0.08	0.92	191.27	67.42	71.51
-0.52	-0.62	0.59	229.78	36.11	55.69
-0.56	-0.72	0.41	232.32	24.39	100.32
-0.95	0.29	0.07	163.15	4.08	27.47
0.82	-0.19	0.54	346.91	32.80	50.73
0.82	-0.19	0.54	346.91	32.80	50.73
-0.23	-0.93	0.27	256.02	15.94	34.89
0.42	-0.84	0.35	296.43	20.30	44.75
-0.56	0.38	0.73	145.77	46.95	64.39
-0.05	-0.73	0.68	266.38	43.21	19.96
-0.99	0.01	0.10	179.22	5.74	52.94
0.84	0.28	0.47	18.61	28.12	64.06
-0.95	0.30	0.03	162.42	1.92	55.01
-0.89	-0.44	0.14	206.27	8.29	52.08
0.93	0.35	0.00	20.78	0.22	39.49
0.30	-0.83	0.46	290.10	27.54	81.90
0.30	-0.83	0.46	290.10	27.54	81.90
0.58	-0.79	0.20	306.30	11.51	50.30
0.03	-0.77	0.64	272.10	39.52	101.70
0.03	-0.77	0.64	272.10	39.52	101.70
-0.14	-0.89	0.43	260.83	25.47	102.35
0.94	0.20	0.27	11.93	15.38	23.30
-0.99	0.12	0.02	173.02	1.12	75.38
0.27	0.55	0.79	64.07	52.12	59.85
0.27	0.55	0.79	64.07	52.12	59.85
-0.73	0.68	0.04	136.74	2.41	41.97
-0.73	0.68	0.04	136.74	2.41	41.97
-0.40	-0.75	0.54	242.00	32.38	56.38
-0.73	-0.54	0.42	216.81	24.78	46.18
-0.29	0.91	0.29	107.53	17.09	56.12
-0.89	0.12	0.44	172.44	25.97	59.43
0.73	0.18	0.66	13.97	41.05	63.27
0.20	-0.58	0.79	288.82	51.96	57.63
-0.04	0.55	0.83	94.62	56.57	34.55
-0.86	0.03	0.52	178.05	31.09	17.87
-0.24	0.73	0.64	108.30	39.56	42.06
0.66	-0.63	0.41	316.59	24.02	59.47
0.74	-0.65	0.16	318.66	9.25	68.05
0.81	0.30	0.51	20.17	30.61	29.27
0.81	0.30	0.51	20.17	30.61	29.27
-0.80	-0.35	0.49	203.91	29.02	14.46
0.88	-0.48	0.07	331.50	3.96	84.09
-0.03	0.99	0.11	91.74	6.19	39.75
-0.46	0.67	0.59	124.53	36.02	51.10
0.73	0.06	0.68	4.85	42.52	57.98
0.97	-0.07	0.21	355.64	12.25	52.92
0.98	0.20	0.06	11.80	3.53	77.20
0.81	0.29	0.51	20.01	30.73	29.34
0.81	0.29	0.51	20.01	30.73	29.34
0.81	0.29	0.51	20.01	30.73	29.34
-0.15	-0.92	0.35	260.77	20.68	80.63
0.09	-0.82	0.57	275.99	34.49	22.76
0.09	-0.82	0.57	275.99	34.49	22.76
-0.99	0.01	0.10	179.22	5.74	52.94
-1.00	-0.09	0.01	185.05	0.79	22.92
0.78	-0.55	0.28	324.87	16.42	64.77
0.81	0.30	0.51	20.12	30.61	29.35
0.81	0.30	0.51	20.12	30.61	29.35
0.81	0.30	0.51	20.12	30.61	29.35
0.88	0.43	0.21	26.25	12.30	38.66
-0.04	-0.99	0.13	267.91	7.36	44.96
0.95	0.09	0.31	5.47	18.03	74.52
-0.80	-0.35	0.49	203.91	29.02	14.46
-0.93	0.36	0.00	159.18	0.15	18.34
0.45	-0.49	0.75	312.35	48.29	66.78
-0.41	-0.10	0.91	193.13	64.87	20.35
-0.93	-0.14	0.33	188.69	19.37	65.37
-0.96	-0.16	0.23	189.46	13.07	35.87
-0.85	0.29	0.44	161.14	26.24	47.74
0.75	-0.42	0.51	330.89	30.75	36.68
-0.98	-0.05	0.18	183.14	10.40	85.57
-1.00	-0.00	0.05	180.07	2.75	86.21
0.15	0.36	0.92	67.27	66.71	11.23
0.00	-0.99	0.12	270.21	7.09	50.75
0.81	0.58	0.03	35.51	1.46	60.48
0.81	0.58	0.03	35.51	1.46	60.48
0.20	-0.72	0.66	285.25	41.64	15.00
-0.08	0.97	0.22	94.60	12.91	60.41
-0.15	-0.30	0.94	244.06	70.22	53.43
0.39	0.51	0.77	52.63	50.05	66.09
0.96	-0.06	0.27	356.40	15.67	54.75
-0.20	-0.54	0.82	249.63	54.82	39.50
-0.07	0.03	1.00	155.20	85.71	57.82
0.82	0.29	0.50	19.79	29.75	29.88
-0.93	-0.35	0.13	200.57	7.27	87.19
-0.90	-0.08	0.44	185.15	25.97	29.51
0.76	0.53	0.39	34.78	22.97	9.88
-0.99	0.08	0.07	175.16	4.21	64.40
0.47	0.76	0.46	58.35	27.49	51.75
-0.95	0.20	0.23	168.20	13.21	54.60
0.03	0.67	0.74	87.29	47.61	23.86
-0.59	0.60	0.54	134.21	32.52	67.63
0.15	0.66	0.74	76.97	47.54	57.71
0.76	0.52	0.39	34.43	23.17	46.54
0.01	-0.43	0.90	271.26	64.53	29.38
-0.70	-0.45	0.56	212.50	33.74	52.42
-0.70	-0.45	0.56	212.50	33.74	52.42
0.83	0.20	0.53	13.28	31.79	68.45
-0.10	0.44	0.89	103.03	62.97	42.18
-0.89	0.04	0.45	177.43	26.66	64.09
-0.39	0.71	0.59	118.64	36.12	90.22
-0.39	0.71	0.59	118.64	36.12	90.22
-0.39	0.71	0.59	118.64	36.12	90.22
0.93	-0.37	0.07	338.02	3.92	59.54
-0.93	-0.14	0.33	188.69	19.37	65.37
-0.12	0.10	0.99	140.28	80.87	20.69
-0.17	-0.02	0.99	186.99	80.14	36.79
0.99	-0.10	0.05	354.43	2.94	63.35
0.06	0.04	1.00	32.28	85.81	46.44
-0.46	0.22	0.86	154.63	59.12	13.11
0.80	0.30	0.52	20.56	31.20	29.29
-0.98	0.10	0.17	174.42	9.74	52.36
0.99	0.16	0.01	9.37	0.37	74.96
0.97	-0.12	0.20	352.74	11.82	26.21
0.79	0.59	0.19	36.68	11.21	14.87
-0.07	-0.40	0.91	260.28	65.91	46.33
-0.98	0.10	0.17	174.42	9.74	52.36
-0.60	-0.23	0.76	201.26	49.81	76.99
-0.86	0.25	0.44	163.53	26.24	72.42
-0.86	0.25	0.44	163.53	26.24	72.42
0.88	-0.44	0.15	333.46	8.43	19.90
0.82	0.48	0.32	30.15	18.58	37.19
0.82	0.48	0.32	30.15	18.58	37.19
-0.99	0.12	0.04	173.31	2.55	62.35
-0.41	-0.36	0.84	221.03	57.12	20.92
-0.41	-0.36	0.84	221.03	57.12	20.92
0.28	-0.06	0.96	348.50	73.19	29.22
-0.90	0.21	0.39	167.02	23.04	47.99
-0.31	0.75	0.59	112.67	36.04	81.98
-0.31	0.75	0.59	112.67	36.04	81.98
-0.31	0.75	0.59	112.67	36.04	81.98
-0.82	0.23	0.52	164.16	31.42	25.78
-0.73	-0.53	0.43	216.32	25.65	47.28
-0.59	-0.81	0.02	234.04	1.15	30.85
-0.39	-0.85	0.35	245.41	20.26	48.36
-0.80	0.36	0.48	155.68	28.46	53.70
-0.21	-0.40	0.89	242.38	63.15	17.22
-0.16	0.97	0.17	99.42	9.95	44.89
0.44	-0.90	0.00	296.22	0.05	39.90
-0.32	0.81	0.49	111.33	29.02	54.40
-0.98	0.10	0.17	174.34	10.05	20.20
0.83	0.54	0.12	33.01	6.63	70.89
-0.81	-0.15	0.56	190.43	34.10	76.36
0.05	0.55	0.84	84.31	56.72	45.49
0.17	0.95	0.28	80.01	16.12	15.08
0.04	-0.99	0.14	272.06	7.79	44.43
0.04	-0.99	0.14	272.06	7.79	44.43
-0.44	0.80	0.42	118.65	24.61	72.36
-0.63	0.61	0.49	136.22	29.01	45.43
0.81	0.40	0.42	26.33	24.88	36.52
-0.84	-0.52	0.15	211.72	8.75	19.48
-0.48	0.45	0.75	136.53	48.71	44.20
0.52	-0.84	0.14	301.97	7.91	67.36
0.94	-0.29	0.20	342.93	11.63	75.51
0.97	-0.22	0.07	347.10	3.79	48.33
0.17	0.87	0.46	79.17	27.63	48.74
-0.88	-0.25	0.40	196.14	23.89	19.48
-0.62	-0.42	0.67	214.10	42.04	33.29
-0.10	0.97	0.23	96.06	13.07	55.47
0.51	0.19	0.84	20.46	56.81	28.04
-0.40	0.87	0.30	114.64	17.36	73.26
0.33	0.25	0.91	37.64	65.68	65.78
0.95	0.30	0.10	17.58	5.81	30.24
0.86	0.51	0.11	30.69	6.14	89.64
-0.78	0.04	0.62	177.39	38.30	58.91
0.78	0.44	0.44	29.31	25.82	64.97
-0.93	0.18	0.33	168.95	19.44	58.47
-0.69	0.70	0.16	134.57	9.48	41.11
0.48	-0.88	0.08	298.63	4.31	73.56
-0.33	0.74	0.59	114.11	35.85	8.39
-0.50	0.68	0.55	126.23	33.10	36.93
-0.74	0.31	0.60	157.06	36.74	55.62
0.13	-0.91	0.39	278.26	22.82	39.97
0.35	0.14	0.93	22.03	68.02	60.97
-0.41	0.56	0.72	126.39	45.68	47.45
0.95	-0.13	0.28	352.18	16.31	66.60
0.16	-0.44	0.88	290.11	61.75	37.63
0.81	-0.39	0.43	334.41	25.67	67.27
0.33	-0.93	0.18	289.63	10.31	69.91
0.58	0.59	0.56	45.58	34.01	79.34
0.94	-0.05	0.34	357.07	20.07	43.42
-0.09	-0.05	0.99	209.81	84.24	49.44
0.74	-0.63	0.25	319.47	14.21	66.76
0.70	-0.70	0.13	314.75	7.55	49.89
0.06	-0.44	0.90	277.19	63.79	43.01
-0.09	-0.05	0.99	209.81	84.24	49.44
-0.41	-0.78	0.47	242.43	28.35	53.92
-0.32	0.95	0.03	108.56	1.67	53.18
0.58	-0.74	0.33	308.10	19.54	63.12
0.38	-0.92	0.14	292.30	8.02	28.91
0.29	-0.94	0.18	287.11	10.55	41.09
-0.24	-0.97	0.05	255.87	2.93	70.02
-0.52	-0.50	0.69	224.04	43.71	6.88
0.58	0.48	0.66	39.53	41.45	66.75
-0.06	-0.50	0.86	262.90	59.58	36.59
-0.61	0.14	0.78	166.89	51.16	31.24
-0.67	0.73	0.11	132.35	6.25	40.48
0.87	0.49	0.00	29.27	0.08	30.43
0.47	-0.47	0.75	314.79	48.27	84.41
-0.12	0.14	0.98	130.68	79.16	37.37
0.33	0.52	0.79	57.55	51.94	56.24
0.58	0.56	0.59	44.39	36.27	75.44
0.74	-0.63	0.25	319.47	14.21	66.76
0.89	0.42	0.19	25.51	10.73	34.34
-0.47	-0.71	0.52	236.46	31.10	24.97
-0.83	-0.52	0.18	211.97	10.32	53.51
0.33	0.52	0.79	57.55	51.94	56.24
-0.11	0.82	0.57	97.93	34.43	25.87
0.50	-0.57	0.65	311.18	40.49	32.36
-0.47	-0.88	0.01	242.01	0.66	65.91
-0.93	0.16	0.33	170.05	19.48	46.03
-0.85	0.17	0.50	168.41	29.69	26.52
-0.17	0.91	0.37	100.44	21.79	66.13
0.43	0.70	0.58	58.53	35.16	67.48
0.14	0.97	0.19	81.53	11.09	43.21
-0.28	-0.89	0.36	252.36	21.37	53.22
-0.65	0.61	0.46	136.54	27.10	19.35
-0.91	-0.22	0.36	193.74	21.01	53.00
-0.13	0.81	0.57	99.24	34.66	70.04
0.74	-0.59	0.31	321.55	18.24	68.34
-0.48	0.80	0.36	120.67	20.83	70.54
0.86	-0.52	0.04	328.84	2.16	59.21
0.76	-0.61	0.23	321.23	13.05	42.40
-0.93	0.16	0.33	170.05	19.48	46.03
0.77	0.62	0.14	38.86	7.76	51.11
0.80	0.60	0.04	36.80	2.34	55.62
0.48	-0.86	0.15	299.02	8.85	59.72
0.84	0.38	0.38	24.52	22.48	14.50
0.14	0.97	0.19	81.53	11.09	43.21
0.78	-0.56	0.28	323.96	16.30	28.50
-0.63	0.33	0.70	152.20	44.65	48.96
-0.67	-0.72	0.16	227.03	9.02	65.42
-0.73	0.68	0.00	136.88	0.20	40.69
-0.72	-0.63	0.28	221.29	16.28	97.35
0.83	-0.55	0.07	326.48	4.18	48.58
0.23	0.96	0.17	76.74	9.86	78.53
0.80	0.55	0.23	34.46	13.08	30.15
0.80	0.55	0.23	34.46	13.08	30.15
-0.14	-0.98	0.14	261.82	7.90	44.90
-0.14	-0.98	0.14	261.82	7.90	44.90
-0.20	-0.98	0.02	258.26	1.31	72.19
0.71	0.22	0.67	17.28	42.02	15.14
-0.43	-0.26	0.86	210.79	59.80	53.84
-0.93	0.16	0.33	170.05	19.48	46.03
-0.08	-0.60	0.79	262.57	52.60	44.09
0.70	0.33	0.63	25.33	39.11	74.83
-0.55	-0.59	0.60	226.97	36.55	63.42
-0.55	-0.59	0.60	226.97	36.55	63.42
0.34	0.76	0.56	66.08	33.97	36.57
0.40	0.60	0.69	56.39	43.78	91.53
-0.40	-0.55	0.73	234.04	47.04	42.35
-0.79	0.14	0.60	170.29	36.78	25.94
0.31	-0.76	0.57	291.83	34.82	54.22
0.42	-0.57	0.71	305.90	44.87	58.50
-0.41	-0.65	0.64	237.49	39.52	115.91
0.49	-0.82	0.28	300.69	16.41	47.15
0.93	0.12	0.34	7.08	19.92	53.13
0.62	-0.63	0.48	314.53	28.46	62.00
-0.56	-0.62	0.55	228.17	33.61	29.77
-0.02	-0.95	0.31	268.83	17.95	51.07
0.85	0.15	0.51	10.27	30.40	41.98
-0.06	0.24	0.97	104.01	75.61	44.60
-0.72	-0.67	0.16	222.71	9.40	67.67
0.62	0.78	0.10	51.33	5.77	67.54
0.16	-0.99	0.05	279.19	2.74	69.54
-0.30	0.65	0.69	114.64	44.02	75.01
-0.02	-0.30	0.95	265.36	72.19	67.20
-0.10	-0.82	0.56	263.18	34.39	61.71
-0.78	-0.58	0.24	216.67	13.61	58.21
0.30	-0.93	0.21	287.96	12.39	22.17
-0.10	0.85	0.51	96.98	30.87	58.67
-0.10	0.85	0.51	96.98	30.87	58.67
-0.22	-0.61	0.76	250.58	49.38	11.50
-0.22	-0.61	0.76	250.58	49.38	11.50
-0.46	0.84	0.28	118.95	16.31	16.80
-0.74	-0.58	0.34	218.02	19.87	99.41
-0.34	0.46	0.82	126.52	55.10	38.29
0.05	-0.28	0.96	281.03	73.72	11.05
0.05	-0.28	0.96	281.03	73.72	11.05
0.64	-0.54	0.54	319.97	32.96	50.96
0.62	-0.78	0.05	308.50	2.85	12.61
0.66	-0.71	0.23	312.91	13.42	54.17
-0.21	-0.67	0.71	252.63	45.12	38.07
0.50	0.46	0.74	42.42	47.42	11.16
0.99	-0.12	0.12	353.20	6.78	34.57
-0.30	-0.95	0.09	252.56	4.95	35.77
0.12	-0.99	0.09	276.84	5.34	68.42
-0.97	0.15	0.20	171.01	11.82	4.12
-0.97	0.15	0.20	171.01	11.82	4.12
0.48	-0.83	0.30	300.21	17.17	59.65
-0.94	0.30	0.16	162.07	9.07	41.97
-0.51	0.76	0.39	123.82	23.13	45.99
0.69	-0.51	0.51	323.37	30.66	23.95
0.99	-0.08	0.07	355.60	3.95	41.54
-0.81	-0.54	0.23	213.41	13.39	58.79
-0.43	-0.87	0.22	243.51	12.94	9.82
-0.13	-0.16	0.98	230.21	78.12	61.11
-0.89	0.44	0.08	153.79	4.59	47.74
0.88	-0.41	0.22	335.19	12.89	56.62
-0.68	-0.61	0.40	221.81	23.79	38.44
0.04	0.80	0.60	86.92	37.01	53.49
0.76	0.51	0.40	33.70	23.59	46.91
0.97	-0.02	0.24	358.66	13.76	72.60
0.37	-0.28	0.89	322.84	62.54	51.09
-0.97	0.25	0.04	165.51	2.23	48.90
0.38	0.55	0.74	55.33	47.73	50.70
0.40	-0.44	0.81	312.57	53.67	58.82
-0.77	-0.36	0.52	205.16	31.53	70.62
0.42	-0.86	0.30	296.28	17.43	38.35
0.70	-0.63	0.34	318.35	19.75	42.02
-0.47	-0.29	0.83	211.67	56.58	57.04
-0.97	0.20	0.16	168.35	9.33	69.04
-0.32	-0.11	0.94	198.38	70.21	61.19
-0.32	-0.11	0.94	198.38	70.21	61.19
-0.92	0.36	0.14	158.52	8.01	63.47
0.49	-0.87	0.06	299.60	3.46	64.76
-0.50	-0.46	0.74	222.58	47.59	46.41
-0.78	0.40	0.48	152.93	29.00	33.26
0.87	0.49	0.06	29.47	3.52	47.24
0.59	-0.14	0.80	346.85	53.06	70.65
-0.18	-0.59	0.79	252.51	52.03	57.62
0.40	0.26	0.88	33.20	61.12	54.54
-0.35	0.53	0.77	123.71	50.34	52.24
0.66	-0.71	0.23	312.91	13.42	54.17
0.66	-0.71	0.23	312.91	13.42	54.17
0.96	0.23	0.19	13.30	10.89	14.33
0.90	0.42	0.06	25.20	3.65	61.05
0.84	-0.23	0.48	344.79	28.88	34.88
-0.68	-0.04	0.73	183.36	46.77	71.16
-0.13	0.09	0.99	144.88	81.07	37.55
-0.55	-0.31	0.78	209.40	50.81	64.65
-0.50	-0.86	0.08	239.74	4.62	80.76
-0.97	-0.22	0.13	192.57	7.47	20.11
-0.69	-0.33	0.64	205.19	40.11	61.69
-0.28	0.92	0.26	107.01	15.16	28.01
0.99	-0.08	0.07	355.60	3.95	41.54
-0.51	0.03	0.86	177.17	59.02	25.68
-0.51	0.03	0.86	177.17	59.02	25.68
0.38	0.33	0.86	40.89	59.44	8.59
-0.36	-0.08	0.93	193.13	68.45	62.28
-0.80	-0.13	0.59	189.02	36.25	57.24
0.51	-0.05	0.86	354.36	58.84	28.11
-0.74	0.58	0.34	141.82	19.88	17.72
-0.68	-0.04	0.73	183.36	46.77	71.16
-0.83	-0.02	0.56	181.50	33.92	39.06
-0.42	-0.89	0.15	244.64	8.57	77.57
-0.05	0.76	0.64	93.58	40.09	49.17
0.49	-0.84	0.24	300.18	13.77	40.47
-0.09	-0.27	0.96	251.82	73.26	10.76
-0.90	-0.11	0.42	186.82	24.58	34.96
-0.21	0.58	0.78	109.48	51.68	7.77
-0.43	-0.62	0.66	235.42	41.48	109.43
0.61	-0.60	0.51	315.30	30.87	68.38
0.61	-0.60	0.51	315.30	30.87	68.38
0.04	-0.26	0.96	278.97	74.61	45.93
-0.96	0.07	0.25	176.12	14.77	27.64
-0.19	0.09	0.98	154.47	77.97	16.67
0.10	0.30	0.95	72.01	71.83	53.37
-0.28	-0.36	0.89	231.51	62.82	54.74
-0.80	-0.13	0.59	189.02	36.25	57.24
0.15	-0.73	0.66	281.90	41.41	91.69
-1.00	-0.02	0.05	180.96	3.00	20.08
0.61	-0.50	0.61	321.00	37.78	68.26
0.96	0.26	0.06	15.02	3.32	69.39
-0.50	-0.86	0.14	239.84	8.06	43.08
0.15	-0.73	0.66	281.90	41.41	91.69
-0.48	-0.66	0.58	233.90	35.64	119.88
-0.07	0.87	0.49	94.44	29.02	85.83
-0.28	-0.95	0.10	253.71	5.77	58.53
-0.28	-0.95	0.10	253.71	5.77	58.53
0.79	0.42	0.44	27.90	25.98	92.90
0.17	0.88	0.45	79.10	26.67	40.61
0.55	0.10	0.83	10.73	56.21	44.97
0.82	0.46	0.34	29.06	19.62	68.78
0.82	0.46	0.34	29.06	19.62	68.78
-0.11	-0.25	0.96	247.15	74.10	79.70
0.10	-0.33	0.94	286.81	69.82	36.66
-0.65	-0.58	0.50	221.73	29.87	27.92
-0.09	-0.94	0.33	264.62	19.18	41.91
0.93	0.32	0.16	19.02	9.04	23.97
0.21	0.78	0.60	74.96	36.61	82.29
0.86	-0.47	0.20	331.14	11.30	74.42
0.54	-0.42	0.73	322.37	46.83	42.42
0.49	0.31	0.82	32.36	54.87	42.56
-0.12	0.26	0.96	114.93	73.57	57.14
0.16	0.88	0.44	79.72	26.15	60.95
-0.20	0.77	0.61	104.40	37.77	52.71
-0.20	0.77	0.61	104.40	37.77	52.71
-0.65	0.65	0.39	135.09	23.02	15.73
-0.98	-0.17	0.06	190.06	3.44	22.84
-0.41	0.51	0.75	128.80	48.93	52.92
0.21	0.78	0.60	74.96	36.61	82.29
0.53	0.77	0.36	55.78	20.98	48.85
-0.99	-0.01	0.10	180.77	5.84	18.46
-0.65	-0.35	0.67	208.11	42.35	56.23
-0.63	-0.67	0.39	226.53	23.25	66.78
-0.36	0.93	0.07	111.15	4.28	26.54
0.38	0.01	0.92	1.85	67.46	51.12
-0.06	-0.62	0.78	264.32	51.36	55.26
-0.27	-0.96	0.11	254.10	6.36	50.42
-0.15	0.13	0.98	137.92	78.47	38.69
0.30	-0.32	0.90	312.52	63.92	37.15
0.13	-0.73	0.67	280.51	42.42	56.08
-0.99	0.14	0.09	172.02	5.35	13.23
-0.99	0.14	0.09	172.02	5.35	13.23
-0.65	-0.26	0.71	201.70	45.34	65.14
0.72	0.28	0.63	21.18	39.08	60.39
0.96	-0.24	0.16	345.75	9.08	44.88
0.93	-0.34	0.11	340.04	6.15	60.63
0.76	0.39	0.52	27.18	31.05	49.25
0.76	0.39	0.52	27.18	31.05	49.25
0.41	0.89	0.18	65.12	10.60	31.29
0.41	0.89	0.18	65.12	10.60	31.29
-0.89	0.05	0.45	176.84	26.76	13.12
-0.59	-0.48	0.65	219.29	40.81	45.28
-0.98	0.21	0.04	167.97	2.02	63.42
0.22	-0.38	0.90	300.71	64.12	26.43
-0.55	0.18	0.82	161.60	54.71	55.58
0.84	0.41	0.36	26.33	20.94	69.06
0.50	0.43	0.75	40.46	48.63	34.99
-0.55	-0.27	0.79	205.97	52.48	65.70
0.34	-0.81	0.48	292.67	28.62	78.09
-0.61	-0.53	0.58	220.86	35.76	25.36
-0.27	-0.96	0.09	254.23	5.30	62.83
0.77	0.53	0.35	34.33	20.54	60.83
0.15	0.49	0.86	73.54	59.02	54.54
0.15	0.49	0.86	73.54	59.02	54.54
-0.07	0.55	0.83	97.02	56.29	59.47
-0.41	-0.63	0.66	237.13	40.92	24.93
-0.70	0.33	0.63	154.89	39.35	59.92
0.09	0.55	0.83	81.09	56.46	44.77
-0.34	-0.87	0.36	248.53	21.06	21.69
0.86	0.38	0.33	23.60	19.39	75.43
0.96	-0.24	0.16	345.75	9.08	44.88
-0.95	0.31	0.03	161.84	1.68	57.20
-0.95	0.31	0.03	161.84	1.68	57.20
0.15	-0.89	0.42	279.33	25.10	53.49
-0.97	0.24	0.06	166.25	3.40	61.66
-0.59	0.53	0.60	138.09	37.13	52.44
-0.59	0.53	0.60	138.09	37.13	52.44
-0.97	0.24	0.06	166.25	3.40	61.66
0.58	-0.68	0.45	310.22	26.55	30.10
-0.95	0.25	0.19	165.16	11.12	58.88
0.77	0.25	0.58	17.95	35.71	48.24
0.52	-0.83	0.21	302.38	11.92	60.69
0.73	-0.30	0.61	337.77	37.77	60.73
-0.97	0.24	0.06	166.25	3.40	61.66
-0.84	0.48	0.26	150.44	15.13	51.57
-0.66	0.20	0.73	163.42	46.50	52.34
-0.66	0.20	0.73	163.42	46.50	52.34
0.49	-0.10	0.86	348.84	59.88	28.76
0.93	-0.29	0.23	342.75	13.22	68.49
0.97	0.08	0.25	4.73	14.33	46.00
-0.66	-0.62	0.42	223.61	25.13	44.30
0.45	0.35	0.82	37.81	55.24	55.44
-0.65	-0.15	0.75	192.59	48.24	61.18
-0.80	-0.55	0.24	214.40	13.60	80.32
-0.24	-0.23	0.94	223.07	70.49	72.89
0.49	-0.70	0.53	305.01	31.91	31.27
0.96	0.08	0.27	4.81	15.86	81.94
0.12	-0.01	0.99	353.52	83.02	36.49
0.12	-0.18	0.98	302.36	77.51	61.74
-0.84	-0.03	0.55	182.28	33.27	38.86
-0.43	-0.20	0.88	205.54	61.72	63.72
-0.43	-0.20	0.88	205.54	61.72	63.72
-0.43	-0.20	0.88	205.54	61.72	63.72
-0.62	-0.54	0.57	221.30	34.78	27.85
-0.00	0.70	0.71	90.31	45.50	49.58
0.19	-0.73	0.66	284.27	41.08	51.50
0.62	-0.46	0.64	323.09	39.65	39.40
-0.28	-0.69	0.67	247.69	42.21	101.49
-0.53	-0.77	0.36	235.62	20.86	59.25
-0.98	-0.18	0.03	190.42	1.48	39.96
0.06	0.62	0.78	84.96	51.24	45.24
0.41	-0.86	0.30	295.66	17.56	17.50
0.07	-1.00	0.05	274.03	2.72	6.94
-0.50	0.84	0.22	120.70	12.46	70.19
-0.50	0.84	0.22	120.70	12.46	70.19
-0.41	-0.86	0.29	244.48	16.71	52.09
0.55	-0.04	0.83	355.51	56.42	89.33
-0.25	-0.77	0.59	251.83	36.05	55.75
0.47	-0.35	0.81	323.50	53.96	24.90
0.67	0.71	0.24	46.67	14.18	64.01
-0.63	0.65	0.42	134.17	25.13	37.49
-0.75	-0.66	0.09	221.52	4.94	90.46
-0.75	-0.66	0.09	221.52	4.94	90.46
0.66	-0.71	0.23	312.79	13.29	47.08
-0.17	-0.97	0.19	259.99	10.84	51.99
0.56	-0.83	0.07	303.89	3.83	54.71
-0.65	0.56	0.52	139.53	31.15	60.38
-0.33	-0.72	0.61	245.44	37.40	55.25
-0.33	-0.09	0.94	195.45	70.08	81.34
-0.58	0.67	0.46	131.08	27.70	9.07
-0.64	0.57	0.52	138.22	31.29	69.38
-0.75	-0.05	0.66	184.21	41.48	82.07
-0.97	0.24	0.10	165.95	5.69	50.13
-0.97	0.24	0.10	165.95	5.69	50.13
0.95	-0.30	0.10	342.45	5.46	11.72
0.76	0.28	0.59	20.31	36.21	61.53
-0.62	-0.14	0.77	192.99	50.72	8.63
-0.60	0.55	0.58	137.76	35.68	10.31
-0.60	0.55	0.58	137.76	35.68	10.31
-0.71	0.70	0.03	135.40	1.77	18.70
0.01	0.96	0.28	89.21	15.97	55.47
-0.90	-0.43	0.10	205.47	5.58	90.48
0.71	-0.35	0.62	333.71	37.99	8.99
0.75	0.30	0.59	21.78	35.95	56.05
-0.68	-0.40	0.61	210.68	37.49	31.80
0.37	-0.90	0.24	292.25	13.66	72.27
-0.09	0.96	0.27	95.07	15.54	62.64
-0.46	0.49	0.74	133.22	47.96	55.98
-0.46	0.49	0.74	133.22	47.96	55.98
-0.60	0.47	0.65	141.89	40.81	56.97
0.20	-0.01	0.98	357.31	78.24	10.57
0.20	-0.01	0.98	357.31	78.24	10.57
0.20	-0.01	0.98	357.31	78.24	10.57
0.38	-0.28	0.88	324.10	62.02	34.65
0.65	0.48	0.59	36.30	36.44	55.69
-0.67	-0.67	0.33	224.89	19.04	62.94
0.96	-0.27	0.04	344.20	2.09	36.39
0.44	0.50	0.74	48.55	47.92	19.06
0.44	0.50	0.74	48.55	47.92	19.06
-0.08	0.77	0.63	96.00	39.00	48.13
0.96	-0.21	0.16	347.90	9.34	36.15
-0.36	0.46	0.81	128.51	54.34	61.02
0.86	-0.52	0.04	328.83	2.23	68.46
-0.93	0.27	0.26	163.67	15.05	47.76
-0.22	-0.97	0.12	257.39	7.02	53.81
0.20	0.92	0.33	77.75	19.32	75.32
0.83	0.55	0.05	33.32	3.11	69.64
-0.36	-0.64	0.68	241.06	42.67	73.52
0.04	-0.33	0.94	276.14	70.54	7.75
0.74	-0.66	0.10	318.26	5.90	43.89
0.44	0.60	0.67	53.41	42.11	40.04
-0.77	-0.12	0.62	188.55	38.60	72.04
-0.81	-0.01	0.59	180.62	36.32	15.00
0.75	0.55	0.37	36.12	21.55	60.01
0.75	0.55	0.37	36.12	21.55	60.01
-0.37	-0.89	0.27	247.61	15.94	63.01
-0.34	-0.93	0.17	249.96	9.73	59.14
-0.34	-0.93	0.17	249.96	9.73	59.14
0.11	-0.67	0.73	279.27	47.29	76.36
0.15	-0.80	0.58	280.66	35.79	87.41
0.08	0.55	0.83	81.31	56.12	18.43
-0.62	-0.69	0.36	227.95	21.25	23.05
0.87	-0.12	0.48	352.36	28.87	40.01
0.11	-0.77	0.63	277.83	39.06	76.97
0.42	-0.71	0.57	300.90	34.44	24.95
-0.69	0.23	0.69	161.83	43.50	63.70
-0.13	-0.57	0.81	257.53	54.04	69.12
-1.00	0.07	0.05	175.76	2.70	18.79
-0.11	0.77	0.63	97.95	39.26	52.36
0.10	-0.61	0.79	279.25	52.17	38.28
0.81	-0.56	0.20	325.48	11.63	29.19
-0.66	0.19	0.73	163.51	46.89	82.87
0.97	0.25	0.04	14.33	2.37	89.47
0.12	0.78	0.61	81.38	37.76	81.29
-0.03	-0.62	0.79	267.08	51.81	70.18
-0.94	0.22	0.28	166.62	16.00	78.24
0.99	-0.13	0.01	352.33	0.48	59.85
-0.99	0.04	0.09	177.42	5.38	72.26
-0.31	-0.39	0.87	231.53	60.11	32.87
0.24	-0.41	0.88	300.43	61.39	38.01
-0.94	0.06	0.35	176.58	20.29	60.22
-0.70	0.43	0.56	148.43	34.23	46.18
0.82	0.05	0.58	3.76	35.13	12.68
-0.52	0.85	0.07	121.24	4.03	40.97
0.10	-0.30	0.95	288.92	71.66	57.09
-0.88	0.12	0.46	172.55	27.17	42.65
-0.05	0.07	1.00	125.75	84.91	42.53
0.49	0.17	0.86	19.39	58.81	69.30
-0.83	0.37	0.42	155.94	24.77	21.27
-0.97	0.21	0.08	167.77	4.32	54.75
0.94	0.30	0.17	17.99	9.65	32.72
0.80	0.14	0.58	9.84	35.53	51.98
-0.94	0.26	0.20	164.70	11.68	44.76
0.49	0.48	0.73	44.02	46.69	75.04
0.87	0.47	0.17	28.26	9.52	14.47
-0.73	0.62	0.29	139.56	16.86	53.67
-0.92	0.24	0.31	165.58	18.01	73.82
0.35	-0.56	0.75	301.99	49.00	66.06
-0.29	0.01	0.96	178.89	72.95	64.74
-0.52	-0.71	0.48	234.00	28.81	27.07
0.40	0.22	0.89	28.75	63.07	16.97
0.23	-0.39	0.89	301.30	63.21	18.07
0.23	-0.39	0.89	301.30	63.21	18.07
0.23	-0.39	0.89	301.30	63.21	18.07
-0.99	0.13	0.04	172.75	2.41	43.47
-0.54	-0.25	0.81	205.07	53.76	56.55
0.53	-0.84	0.08	302.05	4.59	56.06
0.12	0.93	0.36	82.53	20.96	36.74
-0.65	-0.61	0.46	223.30	27.35	86.49
0.28	-0.62	0.73	293.89	47.02	49.66
-0.45	0.27	0.85	149.17	58.37	51.06
-0.87	0.22	0.44	165.63	26.11	40.57
-0.96	0.10	0.25	173.80	14.39	50.30
-0.50	-0.39	0.77	217.60	50.41	40.07
0.62	-0.39	0.68	327.98	43.13	40.50
-0.33	0.29	0.90	138.95	63.87	22.34
0.62	0.75	0.22	50.45	12.53	71.19
0.91	0.21	0.36	12.81	21.23	39.78
0.98	-0.16	0.11	350.84	6.38	27.63
0.29	0.15	0.95	27.41	71.00	29.41
0.11	0.91	0.40	82.98	23.78	29.81
-0.51	0.10	0.85	168.59	58.72	78.82
-0.22	0.10	0.97	155.55	75.88	64.34
0.76	0.64	0.13	39.87	7.43	21.23
-0.12	0.83	0.55	97.95	33.53	68.67
0.17	-0.29	0.94	300.77	70.26	39.63
0.17	-0.29	0.94	300.77	70.26	39.63
-0.62	0.48	0.62	141.92	38.54	73.27
-0.89	0.25	0.38	164.23	22.52	63.71
-0.59	0.69	0.42	130.38	24.67	54.24
0.51	-0.69	0.51	306.31	30.47	59.67
0.46	-0.86	0.21	298.12	12.08	20.11
0.46	-0.86	0.21	298.12	12.08	20.11
-0.79	0.15	0.59	169.00	36.30	22.58
-0.79	0.15	0.59	169.00	36.30	22.58
-0.72	-0.51	0.47	215.65	28.02	19.62
0.89	0.45	0.04	26.54	2.56	19.07
0.06	-0.78	0.63	274.45	38.69	86.50
0.54	0.17	0.82	16.94	55.27	94.62
0.59	-0.57	0.56	315.98	34.22	60.81
-0.47	-0.79	0.40	239.06	23.38	13.89
0.87	-0.26	0.41	343.56	24.34	12.47
0.70	0.55	0.45	38.24	27.04	73.34
-0.89	-0.33	0.30	200.40	17.31	54.94
0.51	-0.67	0.55	307.16	33.05	47.48
0.88	-0.45	0.16	332.95	9.11	83.34
0.26	-0.83	0.49	287.63	29.55	87.63
-0.82	0.57	0.04	144.87	2.15	85.45
-0.99	-0.11	0.06	186.06	3.63	21.81
-0.44	0.87	0.21	116.83	11.86	38.69
-0.09	-0.99	0.04	264.56	2.36	10.95
0.83	-0.14	0.54	350.26	32.79	55.12
-0.76	0.44	0.48	150.16	28.51	54.90
-0.96	0.10	0.25	173.80	14.39	50.30
-0.82	0.42	0.39	152.57	22.85	50.00
-0.76	0.14	0.64	169.81	39.58	56.22
0.17	-0.89	0.41	280.64	24.46	22.44
-0.95	0.09	0.31	174.38	18.25	53.09
-0.95	0.09	0.31	174.38	18.25	53.09
0.79	0.50	0.34	32.20	20.09	41.56
-0.61	0.40	0.69	146.82	43.41	58.07
-0.22	0.09	0.97	157.35	76.40	65.27
-0.22	0.09	0.97	157.35	76.40	65.27
0.23	-0.61	0.76	290.23	49.28	52.09
0.23	-0.61	0.76	290.23	49.28	52.09
0.03	-0.10	0.99	284.66	83.87	72.26
0.52	-0.67	0.53	307.65	32.14	57.01
0.80	0.15	0.58	10.58	35.19	75.29
-0.98	0.15	0.13	171.21	7.42	51.54
0.26	-0.83	0.49	287.05	29.40	55.44
-0.59	-0.27	0.76	204.21	49.51	7.93
0.25	-0.83	0.49	287.03	29.62	88.56
0.65	-0.64	0.41	315.24	24.20	101.48
-0.20	-0.81	0.55	256.03	33.19	71.16
0.87	-0.26	0.41	343.56	24.34	12.47
-0.96	-0.10	0.24	186.18	14.13	49.34
-0.96	-0.10	0.24	186.18	14.13	49.34
0.19	-0.91	0.36	281.72	21.21	10.14
0.19	-0.91	0.36	281.72	21.21	10.14
0.26	-0.60	0.75	293.13	48.90	47.62
0.15	-0.71	0.69	281.69	43.68	54.93
0.81	-0.32	0.49	338.34	29.50	58.94
0.81	-0.32	0.49	338.34	29.50	58.94
-0.97	0.22	0.06	167.47	3.64	20.10
-0.93	0.02	0.36	178.94	20.95	59.42
0.87	-0.26	0.41	343.56	24.34	12.47
0.73	0.37	0.57	27.14	34.89	29.87
0.73	0.37	0.57	27.14	34.89	29.87
-0.96	0.03	0.29	178.23	16.60	65.04
0.51	-0.68	0.52	306.66	31.65	57.37
0.51	-0.54	0.67	313.14	42.38	58.66
-0.18	0.17	0.97	136.61	75.66	68.85
-0.76	0.44	0.48	150.16	28.51	54.90
-0.90	0.42	0.06	154.94	3.56	6.10
0.21	-0.75	0.63	285.74	38.69	57.56
-0.76	0.31	0.57	157.87	34.70	39.79
0.87	-0.26	0.41	343.56	24.34	12.47
-0.78	0.59	0.22	142.73	12.66	71.11
-0.79	0.57	0.22	144.04	12.65	77.01
-0.96	-0.20	0.20	191.66	11.77	48.39
-0.22	-0.47	0.85	245.33	58.58	63.91
0.73	0.37	0.58	27.20	35.10	29.73
0.73	0.37	0.58	27.20	35.10	29.73
-0.96	0.03	0.29	178.13	16.58	64.89
-0.45	-0.23	0.86	206.64	59.66	60.04
-0.45	-0.23	0.86	206.64	59.66	60.04
-0.97	0.24	0.06	165.99	3.35	49.86
-0.99	0.05	0.10	176.96	5.94	50.01
-0.99	0.05	0.10	176.96	5.94	50.01
-0.99	0.05	0.10	176.96	5.94	50.01
-0.28	-0.34	0.90	230.60	63.52	52.71
-0.76	0.44	0.48	150.16	28.51	54.90
0.87	-0.26	0.41	343.56	24.34	12.47
0.84	-0.39	0.38	335.26	22.59	20.47
0.66	-0.66	0.36	314.90	21.19	75.42
-0.89	0.39	0.22	156.25	12.58	20.61
-0.86	0.47	0.18	151.21	10.41	21.87
0.61	-0.56	0.56	317.39	33.95	58.78
-0.76	0.64	0.09	139.84	5.41	8.85
-0.76	0.64	0.09	139.84	5.41	8.85
-0.90	-0.34	0.27	200.40	15.84	43.41
-0.09	0.54	0.84	99.68	56.96	59.18
0.85	-0.44	0.28	333.01	16.53	24.60
-0.87	0.06	0.49	176.01	29.33	32.47
0.72	0.38	0.58	27.59	35.35	29.88
0.45	0.63	0.63	54.25	39.39	21.70
-0.73	-0.62	0.31	220.26	17.89	15.81
0.27	-0.85	0.46	287.63	27.49	22.42
-0.84	0.53	0.08	147.97	4.85	42.69
-0.13	-0.75	0.65	259.77	40.68	41.12
0.73	0.37	0.57	26.52	34.99	29.73
-0.96	0.03	0.28	177.95	16.52	65.10
0.72	0.38	0.58	27.59	35.35	29.88
-0.67	0.69	0.29	134.10	16.82	35.32
0.87	-0.26	0.41	343.56	24.34	12.47
-0.96	0.03	0.28	177.95	16.52	65.10
0.73	0.37	0.57	26.52	34.99	29.73
-0.34	-0.19	0.92	209.11	67.16	10.48
-0.96	0.17	0.20	169.85	11.56	45.14
-0.89	0.02	0.46	178.64	27.62	91.82
-0.80	-0.12	0.58	188.41	35.67	33.38
-0.19	0.66	0.72	105.75	46.43	69.18
-0.53	-0.80	0.27	236.67	15.74	35.88
-0.76	0.44	0.48	150.16	28.51	54.90
0.75	-0.61	0.24	320.88	13.96	18.66
0.91	0.04	0.40	2.34	23.71	76.93
0.91	0.04	0.40	2.34	23.71	76.93
-0.94	0.15	0.32	170.76	18.36	15.18
0.73	0.36	0.58	26.51	35.44	29.62
0.73	0.36	0.58	26.51	35.44	29.62
0.89	-0.44	0.11	333.76	6.33	45.26
0.96	-0.25	0.11	345.69	6.33	39.85
0.10	0.91	0.40	83.54	23.50	84.20
0.63	0.48	0.61	37.52	37.45	55.38
0.73	0.36	0.58	26.09	35.29	29.59
0.73	0.38	0.57	27.56	35.08	29.70
0.73	0.38	0.57	27.56	35.08	29.70
0.29	0.39	0.88	53.74	61.16	26.66
-0.04	0.89	0.45	92.81	26.62	73.06
-0.94	0.15	0.32	170.76	18.36	15.18
0.11	0.41	0.90	74.94	64.72	7.21
0.22	-0.41	0.89	298.43	62.26	34.54
0.65	0.74	0.18	48.42	10.49	17.33
-0.03	0.94	0.33	91.83	19.32	70.75
-0.91	-0.24	0.33	194.80	19.48	64.63
-0.85	-0.33	0.41	200.95	24.00	59.97
-0.92	0.27	0.27	163.75	15.89	58.83
-0.63	-0.37	0.68	210.81	43.19	17.89
0.57	0.51	0.64	41.81	39.72	61.42
-0.94	0.15	0.32	170.76	18.36	15.18
-0.92	0.27	0.27	163.75	15.89	58.83
0.73	0.36	0.58	26.03	35.52	29.61
0.73	0.36	0.58	26.03	35.52	29.61
0.29	0.37	0.88	51.61	62.16	26.47
-0.39	-0.16	0.91	202.15	65.06	41.61
0.26	-0.60	0.75	293.42	48.86	14.80
0.12	0.70	0.70	79.87	44.77	54.05
0.32	0.53	0.78	58.88	51.56	78.55
0.39	0.57	0.72	55.79	46.13	52.81
-0.65	0.73	0.22	131.82	12.87	27.98
0.12	0.70	0.70	79.87	44.77	54.05
-0.51	0.78	0.35	122.97	20.74	88.43
-0.17	-0.61	0.77	254.13	50.61	31.50
-0.17	-0.61	0.77	254.13	50.61	31.50
0.92	0.16	0.36	9.68	20.83	18.77
-0.42	0.03	0.91	175.91	64.93	25.46
0.95	0.12	0.27	7.20	15.82	65.26
0.87	0.42	0.27	25.57	15.49	51.64
-0.66	0.60	0.44	137.67	26.42	60.07
-0.79	0.41	0.46	152.84	27.17	70.48
0.94	0.32	0.12	19.02	6.78	53.45
0.78	-0.32	0.54	338.01	32.60	38.15
0.54	-0.60	0.58	312.07	35.77	63.15
0.84	-0.45	0.31	331.62	18.02	60.58
0.01	1.00	0.02	89.50	1.26	73.35
0.29	0.63	0.72	65.55	46.10	76.12
-0.88	0.45	0.15	153.03	8.37	51.30
0.54	-0.84	0.08	302.68	4.60	49.32
-0.81	0.58	0.12	144.26	6.93	80.02
0.83	-0.02	0.56	358.95	33.92	64.62
1.00	-0.00	0.02	359.72	1.34	47.42
-0.48	0.83	0.28	119.97	16.20	33.86
0.16	0.85	0.50	79.36	29.72	75.02
0.30	0.68	0.67	65.89	42.22	50.30
0.72	-0.59	0.37	320.80	22.00	84.01
0.58	0.82	0.00	54.81	0.09	58.18
-0.66	-0.00	0.75	180.31	48.37	38.54
0.31	-0.59	0.75	298.25	48.36	83.43
-0.02	-0.43	0.90	267.12	64.20	55.09
-0.48	-0.87	0.07	240.91	4.15	72.04
-0.66	0.09	0.75	172.07	48.57	59.58
-0.55	-0.34	0.76	211.78	49.64	57.87
-0.39	0.16	0.91	157.81	65.42	33.15
0.98	0.11	0.15	6.63	8.83	13.79
0.40	-0.74	0.55	298.63	33.10	97.54
-0.24	-0.67	0.70	250.29	44.43	50.39
0.57	-0.57	0.59	315.22	36.33	70.23
-0.00	0.23	0.97	90.60	76.60	37.74
0.82	0.37	0.44	24.08	25.84	58.31
-0.17	0.37	0.91	114.53	66.19	40.04
0.78	0.20	0.60	14.49	36.77	19.64
-0.85	0.45	0.26	151.90	15.20	30.88
0.42	0.89	0.17	64.47	9.98	64.64
0.57	0.37	0.73	32.58	47.11	29.62
-0.95	-0.25	0.17	194.45	10.04	29.06
0.98	-0.14	0.11	351.89	6.18	32.14
-0.73	0.67	0.10	137.30	5.85	50.02
0.62	0.41	0.67	33.21	41.76	46.48
-0.77	0.47	0.43	148.73	25.39	20.03
-0.55	-0.77	0.32	234.45	18.57	40.12
0.56	-0.13	0.82	346.57	55.00	69.45
-0.29	-0.61	0.73	244.53	47.09	36.95
0.41	0.88	0.22	65.00	12.85	91.13
0.60	0.15	0.79	14.35	51.82	38.92
-0.39	0.19	0.90	153.52	64.36	43.14
0.58	0.47	0.67	38.93	42.07	50.15
-0.43	-0.55	0.72	232.16	45.84	61.68
-0.54	-0.83	0.14	237.07	8.33	64.06
0.06	-0.39	0.92	278.42	66.72	60.72
0.15	-0.23	0.96	303.10	74.06	76.41
-0.33	0.92	0.23	109.51	13.05	25.94
-0.94	0.14	0.30	171.50	17.73	54.02
0.42	-0.90	0.07	294.92	4.07	41.69
-0.07	-0.94	0.34	265.81	19.70	46.79
0.54	0.77	0.33	54.97	19.11	13.44
-0.95	-0.09	0.29	185.13	17.15	59.38
-0.89	0.21	0.40	166.89	23.32	66.79
-0.91	0.01	0.41	179.40	24.16	70.50
-0.98	-0.20	0.08	191.32	4.84	61.81
0.36	-0.02	0.93	357.51	68.68	14.03
0.12	0.44	0.89	74.15	63.05	49.10
0.93	-0.32	0.15	340.94	8.74	45.26
0.01	0.94	0.33	89.68	19.15	56.31
-0.33	0.33	0.88	135.35	62.10	78.05
0.70	-0.38	0.61	331.09	37.27	44.45
0.47	-0.81	0.37	300.00	21.52	28.39
-0.48	0.41	0.78	139.64	50.86	77.47
0.95	0.31	0.00	18.19	0.19	52.89
-0.81	0.55	0.20	145.95	11.77	64.78
0.92	0.30	0.26	18.16	15.27	37.44
-0.08	1.00	0.05	94.57	3.02	36.95
0.28	-0.35	0.89	308.66	63.04	14.62
0.79	-0.60	0.13	322.45	7.70	56.77
0.33	-0.94	0.04	289.19	2.22	44.53
-0.74	-0.03	0.68	182.31	42.48	40.26
-0.74	-0.26	0.62	199.35	38.26	25.68
0.74	-0.09	0.67	352.99	42.09	23.54
0.24	0.95	0.21	75.93	11.96	56.53
-0.89	-0.45	0.05	206.92	2.82	64.60
-0.65	-0.71	0.26	227.47	15.04	31.84
-0.18	0.44	0.88	111.77	61.83	73.76
-0.11	0.97	0.20	96.50	11.50	44.24
-0.97	-0.13	0.19	187.41	10.77	14.43
0.89	0.42	0.19	25.12	11.22	60.08
0.56	-0.82	0.05	304.42	3.08	59.59
-0.30	0.29	0.91	135.22	65.42	78.85
0.30	0.53	0.80	60.47	52.88	61.61
0.27	-0.69	0.67	291.66	42.32	44.35
-0.65	-0.75	0.12	229.31	6.76	61.35
0.89	0.41	0.19	24.78	11.19	59.82
0.16	0.85	0.50	79.36	29.69	74.60
-0.86	0.06	0.51	176.24	30.37	56.74
0.44	0.47	0.76	46.49	49.73	95.75
0.04	0.92	0.38	87.79	22.30	53.64
0.75	-0.60	0.27	321.53	15.42	79.64
0.29	-0.87	0.39	288.12	23.17	73.69
-0.90	0.22	0.38	166.51	22.18	26.23
-0.77	-0.01	0.64	180.80	39.62	31.52
-0.46	-0.21	0.86	204.12	59.55	70.65
-0.46	-0.21	0.86	204.12	59.55	70.65
0.78	-0.62	0.12	321.54	6.92	43.19
0.87	-0.18	0.47	348.42	27.74	57.38
-0.40	0.31	0.86	142.21	59.67	61.94
-0.52	0.64	0.57	129.41	34.44	92.10
0.78	-0.38	0.50	334.02	29.95	62.19
0.46	-0.65	0.60	305.25	37.12	62.63
-0.93	0.19	0.32	168.61	18.61	67.95
-0.99	0.03	0.10	178.25	5.91	81.73
0.10	-0.78	0.62	277.20	38.02	80.43
0.39	0.33	0.86	40.11	59.70	89.69
-0.93	-0.32	0.18	198.94	10.49	16.50
-0.19	0.80	0.57	103.61	34.63	51.70
0.79	0.42	0.45	28.18	26.92	8.74
-0.08	1.00	0.05	94.62	2.63	36.61
-0.08	1.00	0.05	94.62	2.63	36.61
-0.94	0.15	0.30	171.02	17.40	41.83
0.71	0.70	0.11	44.47	6.40	24.20
0.83	-0.14	0.54	350.22	32.97	33.45
0.35	-0.62	0.70	299.04	44.53	60.68
-0.69	0.40	0.60	149.66	36.81	90.76
-0.94	-0.30	0.14	197.88	8.26	24.87
0.10	-0.99	0.14	275.59	8.10	60.46
0.40	0.90	0.16	65.90	9.34	37.20
-0.53	-0.53	0.67	224.85	41.85	76.02
0.52	-0.39	0.76	323.04	49.39	99.67
-0.74	0.62	0.27	139.84	15.46	69.45
-0.36	-0.66	0.66	241.15	41.51	11.50
-0.01	-0.75	0.66	269.61	41.60	84.10
0.90	-0.02	0.44	358.66	26.23	79.96
0.76	-0.07	0.65	354.66	40.54	90.62
-0.92	-0.38	0.02	202.33	1.36	25.15
-0.99	0.04	0.15	177.87	8.52	39.74
0.75	-0.57	0.34	322.67	19.83	61.62
0.29	-0.08	0.95	344.15	72.67	33.41
-0.07	0.36	0.93	101.43	68.32	26.53
-0.95	-0.28	0.12	196.48	6.75	59.94
-0.80	0.21	0.56	165.19	33.89	46.28
-0.72	0.40	0.58	151.02	35.18	39.82
0.33	0.56	0.76	59.33	49.17	42.45
0.08	0.02	1.00	15.60	84.97	34.12
-0.69	0.69	0.24	135.00	14.11	7.73
0.84	-0.38	0.38	335.92	22.56	93.53
0.54	0.25	0.80	24.61	53.52	29.73
0.34	0.06	0.94	10.44	69.76	61.41
0.21	0.25	0.95	49.75	71.09	29.13
0.96	-0.06	0.26	356.39	14.92	8.80
-0.42	-0.43	0.80	225.69	53.21	32.58
-0.73	-0.32	0.61	203.35	37.30	52.02
-0.73	-0.32	0.61	203.35	37.30	52.02
0.70	-0.07	0.71	354.34	45.64	87.68
-0.89	-0.26	0.39	196.18	22.84	10.51
0.74	-0.39	0.55	332.35	33.22	14.48
-0.70	-0.53	0.47	217.09	28.32	49.32
0.96	0.24	0.17	13.82	9.50	40.04
0.52	0.04	0.86	4.86	58.81	11.59
0.30	-0.79	0.54	291.21	32.55	90.42
-0.79	0.61	0.10	142.14	5.64	95.51
0.79	-0.32	0.52	338.24	31.61	79.57
-0.99	-0.09	0.11	185.37	6.56	18.01
-0.16	-0.77	0.61	258.49	37.86	41.92
0.79	-0.57	0.22	323.91	12.71	28.40
0.87	-0.48	0.12	331.34	7.08	49.25
-0.59	0.80	0.12	126.51	7.14	49.50
-0.69	0.72	0.08	133.51	4.65	67.77
0.87	-0.11	0.49	352.88	29.06	47.76
-0.54	-0.51	0.67	223.47	42.17	59.35
0.15	-0.38	0.91	291.21	65.73	46.10
0.27	-0.89	0.36	286.91	21.40	39.49
-0.89	0.46	0.07	152.61	3.95	34.03
0.11	-0.61	0.79	280.42	52.02	67.71
-0.60	-0.28	0.75	204.72	48.74	56.16
0.69	0.09	0.72	7.04	45.75	17.60
0.26	-0.78	0.57	288.40	34.75	50.63
0.65	0.02	0.76	1.34	49.78	17.72
-0.39	0.22	0.89	151.42	63.28	35.59
0.96	0.24	0.14	14.10	8.10	32.04
0.03	0.16	0.99	79.61	80.52	61.54
0.03	0.16	0.99	79.61	80.52	61.54
0.99	0.10	0.07	5.96	4.13	45.84
0.85	-0.22	0.48	345.58	28.77	65.37
0.88	0.08	0.47	5.48	27.73	41.47
0.75	-0.42	0.52	330.97	31.03	69.62
-0.85	-0.28	0.44	198.07	26.35	49.82
-0.09	-0.60	0.80	261.45	52.96	48.70
-0.26	-0.41	0.88	238.00	61.17	20.04
-0.94	0.34	0.07	160.22	3.86	56.74
0.62	-0.62	0.48	315.26	28.99	30.62
0.91	-0.22	0.35	346.68	20.21	39.69
0.58	-0.72	0.38	309.05	22.50	50.90
0.12	-0.60	0.79	281.28	52.56	44.67
-0.11	0.08	0.99	146.34	82.07	51.48
-0.20	0.24	0.95	129.85	71.60	42.04
-0.45	0.71	0.54	122.80	32.89	98.27
0.69	0.58	0.43	39.93	25.18	87.40
0.94	0.25	0.24	14.86	13.92	85.02
0.94	0.25	0.24	14.86	13.92	85.02
-0.21	0.67	0.71	107.56	45.51	31.64
0.46	0.83	0.31	61.30	17.85	55.39
-0.53	0.58	0.62	132.59	38.17	87.74
-0.28	0.95	0.17	106.20	9.59	60.16
-0.74	-0.18	0.65	193.62	40.49	47.84
-0.02	-0.64	0.77	268.34	50.22	36.63
0.36	0.87	0.33	67.48	19.16	24.33
0.36	0.87	0.33	67.48	19.16	24.33
0.36	0.87	0.33	67.48	19.16	24.33
-0.29	-0.02	0.96	184.75	73.29	55.90
0.76	-0.10	0.64	352.78	40.04	26.73
0.68	-0.72	0.13	313.37	7.36	10.41
0.68	-0.72	0.13	313.37	7.36	10.41
0.75	-0.29	0.59	339.22	36.49	71.09
0.89	0.44	0.13	26.37	7.25	10.18
0.32	-0.77	0.55	292.82	33.21	28.74
0.09	-0.13	0.99	306.36	81.05	35.52
-0.75	0.60	0.28	141.34	16.31	88.43
-0.75	0.60	0.28	141.34	16.31	88.43
-0.81	-0.34	0.47	202.81	28.16	32.11
-0.46	0.88	0.11	117.27	6.18	28.03
-0.89	0.21	0.41	166.99	24.16	60.81
-0.64	-0.62	0.45	224.29	26.67	31.18
-0.85	-0.52	0.11	211.68	6.45	10.28
0.62	-0.70	0.34	311.45	20.16	35.36
0.94	0.29	0.15	17.05	8.76	42.05
0.25	0.82	0.51	73.36	30.86	54.52
0.04	1.00	0.07	87.95	3.87	48.66
-0.52	-0.30	0.80	210.31	53.17	9.43
0.82	-0.33	0.48	338.06	28.44	69.99
0.94	0.10	0.32	6.07	18.96	17.64
0.94	0.10	0.32	6.07	18.96	17.64
-0.81	-0.30	0.51	200.05	30.59	76.18
-0.96	0.28	0.03	164.01	1.79	28.01
-0.69	0.46	0.56	146.05	33.74	49.95
-0.19	0.89	0.41	102.19	24.14	56.50
0.80	0.42	0.44	27.64	25.94	72.68
0.74	-0.29	0.61	338.48	37.78	73.06
-0.98	-0.18	0.02	190.18	1.05	70.49
0.37	-0.18	0.91	333.79	65.83	46.28
-0.99	-0.04	0.10	182.10	5.78	42.46
-0.99	-0.04	0.10	182.10	5.78	42.46
0.24	-0.62	0.74	291.33	48.07	18.28
0.95	-0.07	0.31	355.93	18.03	48.35
-0.04	0.38	0.92	96.66	67.42	30.34
0.83	-0.56	0.07	325.98	3.74	34.69
0.59	-0.58	0.56	315.90	34.22	34.40
0.33	-0.67	0.66	295.77	41.52	34.46
-0.96	-0.00	0.26	180.05	15.23	59.82
0.83	0.14	0.55	9.35	33.20	69.99
0.44	0.56	0.70	51.55	44.59	91.35
-0.39	-0.32	0.86	219.87	59.71	60.11
0.11	0.93	0.34	83.31	19.85	70.68
0.06	-0.58	0.81	276.15	54.14	62.40
0.92	-0.38	0.07	337.90	4.00	38.81
0.31	-0.93	0.18	288.67	10.52	12.01
0.42	-0.05	0.91	353.02	65.01	23.76
-0.20	0.97	0.16	101.81	9.12	66.83
0.28	0.79	0.54	70.82	32.78	55.30
0.28	0.79	0.54	70.82	32.78	55.30
0.93	0.31	0.21	18.51	12.20	85.05
0.59	-0.58	0.56	315.90	34.22	34.40
-0.13	0.17	0.98	127.05	78.01	19.08
0.16	0.63	0.76	75.28	49.61	12.60
-0.61	0.25	0.75	158.00	48.72	25.81
-0.70	0.72	0.03	134.27	1.78	44.45
0.98	0.18	0.02	10.50	1.29	33.66
0.54	0.31	0.78	29.97	51.67	44.65
0.13	0.78	0.61	80.60	37.60	76.88
0.56	-0.83	0.08	304.17	4.33	64.56
-0.92	0.32	0.20	160.72	11.59	37.13
-0.83	0.53	0.19	147.33	10.69	44.88
0.37	0.02	0.93	3.78	67.99	26.23
0.98	0.18	0.07	10.28	4.13	76.80
0.54	0.77	0.35	55.20	20.27	29.62
0.24	0.96	0.14	76.06	7.92	16.98
0.59	-0.58	0.56	315.90	34.22	34.40
-1.00	-0.07	0.01	183.90	0.73	72.43
-0.40	0.72	0.57	119.41	34.79	73.12
0.77	0.49	0.41	32.79	24.45	64.59
0.98	-0.06	0.21	356.68	12.01	9.79
0.37	-0.89	0.25	292.51	14.68	16.96
0.50	-0.70	0.51	305.33	30.48	49.92
0.89	0.31	0.34	19.40	19.78	53.66
-0.86	0.48	0.20	150.86	11.75	48.67
-0.67	0.56	0.48	139.87	28.87	23.11
-0.95	0.17	0.24	169.90	14.17	38.81
0.31	-0.46	0.83	304.06	56.39	49.49
-0.06	0.75	0.66	94.46	41.14	21.64
-0.73	0.64	0.24	139.07	14.03	38.74
0.68	-0.64	0.36	316.71	21.34	67.19
-0.92	0.31	0.25	161.24	14.70	53.14
-0.92	0.31	0.25	161.24	14.70	53.14
-0.65	-0.51	0.56	218.26	33.84	78.81
-0.41	-0.51	0.75	231.31	48.95	42.77
-0.96	-0.12	0.26	187.43	15.09	43.86
0.26	0.25	0.93	43.54	68.66	8.51
-0.26	-0.97	0.02	255.14	0.92	67.64
-0.32	0.90	0.29	109.39	16.89	58.74
0.62	-0.21	0.75	341.08	48.99	94.72
0.52	-0.17	0.84	342.28	56.96	80.99
0.31	0.49	0.82	57.71	54.96	33.08
0.97	-0.02	0.25	358.70	14.42	42.82
0.31	0.49	0.82	57.71	54.96	33.08
0.94	-0.13	0.31	352.38	17.83	62.86
0.77	0.31	0.56	21.77	34.17	19.44
-0.76	0.25	0.60	161.81	36.88	8.90
-0.42	-0.79	0.46	242.06	27.24	72.16
-0.38	-0.85	0.36	245.85	20.88	71.57
0.67	0.75	0.03	48.21	1.44	51.01
-0.20	-0.83	0.53	256.24	31.73	69.96
0.64	0.75	0.16	49.20	9.49	87.66
-0.56	-0.36	0.75	212.57	48.36	21.85
-0.51	-0.76	0.40	235.91	23.57	89.62
1.00	-0.09	0.03	355.00	1.82	33.00
0.76	-0.60	0.25	322.03	14.66	49.15
0.76	-0.63	0.17	320.46	9.65	63.85
-0.62	0.79	0.02	128.23	1.26	15.51
-0.62	0.79	0.02	128.23	1.26	15.51
-0.16	0.71	0.69	102.41	43.49	39.95
0.46	0.88	0.14	62.40	7.90	30.63
-0.80	-0.55	0.25	214.68	14.56	22.92
-0.12	-0.65	0.75	259.63	48.52	70.11
-0.42	0.91	0.01	114.73	0.64	7.76
-0.27	-0.79	0.54	250.99	32.93	82.11
0.15	-0.97	0.19	278.54	11.23	76.10
-0.83	-0.47	0.29	209.68	17.01	21.34
-0.35	0.80	0.49	113.70	29.34	35.13
-0.35	0.80	0.49	113.70	29.34	35.13
-0.91	0.25	0.33	164.92	19.17	61.67
-0.91	0.25	0.33	164.92	19.17	61.67
0.90	-0.39	0.18	336.54	10.64	73.48
0.74	-0.67	0.10	318.06	5.52	65.82
-0.27	0.57	0.78	115.44	50.91	13.25
0.68	0.48	0.55	35.17	33.16	79.58
0.51	-0.21	0.83	338.02	56.49	69.09
0.12	0.08	0.99	34.93	81.76	56.95
0.12	0.08	0.99	34.93	81.76	56.95
0.90	0.41	0.14	24.34	8.21	85.45
0.53	0.33	0.78	31.54	51.48	29.85
0.79	-0.19	0.58	346.41	35.72	37.89
0.70	0.38	0.60	28.20	37.10	16.17
0.79	0.61	0.11	37.79	6.28	20.41
-0.61	0.73	0.31	130.13	18.23	43.70
0.65	0.34	0.68	27.85	42.58	13.77
0.65	0.34	0.68	27.85	42.58	13.77
-0.30	0.86	0.42	109.47	24.71	42.68
-0.30	0.86	0.42	109.47	24.71	42.68
0.79	0.61	0.11	37.79	6.28	20.41
-0.34	-0.68	0.64	243.36	40.17	10.85
-0.34	-0.68	0.65	243.39	40.39	10.89
0.85	0.40	0.35	25.41	20.20	26.04
0.69	-0.72	0.01	313.98	0.77	76.27
-0.25	-0.93	0.28	255.18	16.07	12.91
-0.25	-0.93	0.28	255.18	16.07	12.91
0.34	0.94	0.03	69.95	1.60	51.24
0.34	0.94	0.03	69.95	1.60	51.24
0.78	0.46	0.43	30.90	25.16	84.35
0.46	0.74	0.49	58.30	29.29	59.24
-0.39	-0.20	0.90	206.59	63.80	47.76
0.65	-0.54	0.53	320.31	32.13	6.45
-0.23	-0.24	0.94	227.07	70.49	8.27
-0.54	-0.83	0.14	237.05	8.25	79.53
-0.58	-0.17	0.79	196.04	52.53	26.03
-0.52	-0.53	0.67	225.76	41.94	15.59
-0.81	-0.42	0.41	207.51	24.37	86.19
-0.51	-0.21	0.84	202.41	56.62	33.81
0.24	0.97	0.10	76.12	5.81	59.53
0.99	0.03	0.16	1.78	9.43	33.55
-0.34	0.82	0.46	112.55	27.50	57.97
-0.94	-0.14	0.31	188.42	17.92	34.03
-0.62	-0.78	0.04	231.42	2.41	27.30
0.93	-0.09	0.35	354.68	20.41	83.91
0.93	-0.09	0.35	354.68	20.41	83.91
-0.41	0.05	0.91	172.85	65.49	36.48
0.18	0.06	0.98	16.77	79.01	63.82
0.99	0.10	0.02	5.95	1.12	56.40
0.13	-0.68	0.72	280.90	45.84	12.46
0.13	-0.68	0.72	280.90	45.84	12.46
0.29	-0.55	0.78	297.70	51.31	44.44
-0.99	-0.03	0.11	181.47	6.27	76.15
0.96	0.07	0.29	4.03	16.66	49.28
0.96	0.07	0.29	4.03	16.66	49.28
0.01	-0.35	0.94	271.14	69.61	40.85
0.71	-0.65	0.26	317.38	14.90	54.57
-0.68	0.72	0.15	133.26	8.62	26.68
-0.76	0.58	0.28	142.44	16.48	11.60
-0.99	-0.14	0.09	188.05	5.09	10.02
-0.45	0.69	0.56	122.74	34.38	61.85
0.04	0.67	0.74	86.80	48.10	43.61
-0.23	-0.66	0.72	250.82	45.95	33.71
-0.11	-0.65	0.75	260.25	48.50	88.38
-0.05	-0.99	0.12	266.98	6.70	80.20
-0.41	0.89	0.19	114.85	10.71	72.49
-0.35	-0.83	0.42	246.96	24.90	29.17
0.28	-0.85	0.45	288.40	26.53	49.99
-0.68	0.70	0.23	134.32	13.51	21.27
0.95	0.19	0.24	11.36	14.05	93.53
-0.95	-0.07	0.30	184.20	17.70	69.74
-0.94	-0.27	0.21	195.80	11.98	90.26
-0.94	-0.27	0.21	195.80	11.98	90.26
0.95	0.31	0.05	18.27	2.65	39.73
0.96	0.29	0.01	16.82	0.42	49.55
-0.92	-0.37	0.15	201.96	8.35	46.55
-0.23	-0.47	0.85	244.06	58.19	75.77
0.93	-0.17	0.33	349.77	19.39	54.08
-0.81	0.59	0.01	143.79	0.70	27.54
0.51	0.65	0.56	51.86	33.93	22.62
0.91	-0.08	0.40	355.12	23.77	27.04
0.11	-0.78	0.61	278.25	37.55	35.99
-0.82	-0.19	0.54	192.88	32.69	19.02
-0.82	-0.19	0.54	192.88	32.69	19.02
-0.00	0.89	0.45	90.24	26.57	53.57
0.87	-0.35	0.35	337.93	20.67	16.79
0.71	-0.35	0.61	333.53	37.82	12.48
-0.90	0.33	0.29	159.96	16.86	6.16
0.71	-0.35	0.61	333.53	37.82	12.48
-0.76	-0.60	0.25	218.50	14.30	71.95
0.80	-0.35	0.48	336.16	28.81	56.56
0.14	-0.61	0.78	282.94	50.91	45.30
0.21	-0.40	0.89	297.97	62.82	52.34
0.72	-0.68	0.11	316.78	6.18	31.74
0.89	0.18	0.41	11.62	24.20	81.02
-0.66	-0.74	0.17	228.32	9.74	20.27
-0.20	-0.95	0.22	258.14	12.94	14.62
0.69	-0.37	0.62	331.78	38.53	70.80
0.47	-0.35	0.81	323.33	54.44	34.31
0.81	0.16	0.57	11.10	34.59	61.05
-0.65	-0.71	0.28	227.43	16.51	76.44
-0.24	0.94	0.24	104.23	13.83	11.60
-0.98	-0.16	0.12	188.98	6.69	60.46
0.44	-0.86	0.28	296.98	16.02	87.18
0.65	-0.56	0.51	319.27	30.43	56.57
-0.79	-0.53	0.30	213.78	17.18	56.40
0.65	0.53	0.55	39.30	33.10	34.30
0.28	-0.69	0.67	292.36	41.83	56.77
-0.13	-0.12	0.98	222.34	79.52	9.47
-0.60	-0.77	0.19	232.02	10.93	72.56
-0.08	-1.00	0.04	265.33	2.53	16.21
-0.31	0.60	0.74	117.39	47.89	16.04
0.99	-0.14	0.02	352.15	1.34	54.36
-0.95	-0.00	0.31	180.10	18.13	6.32
-0.91	0.41	0.04	155.77	2.53	48.38
0.10	0.97	0.22	84.05	12.54	13.87
0.56	-0.70	0.45	308.44	26.54	61.65
0.28	0.68	0.68	67.16	42.83	53.28
-0.97	0.11	0.20	173.66	11.42	56.52
0.78	0.62	0.09	38.80	5.34	18.17
0.87	0.47	0.14	28.10	8.11	27.70
-0.31	0.60	0.74	117.39	47.89	16.04
0.75	-0.18	0.64	346.45	39.51	6.58
0.98	0.15	0.13	8.61	7.68	10.44
-0.62	-0.71	0.32	228.88	18.85	77.11
0.51	-0.21	0.83	337.67	56.21	6.12
0.59	-0.62	0.52	313.25	31.24	21.07
-0.74	-0.67	0.06	222.38	3.61	45.53
0.49	0.63	0.61	52.25	37.36	12.92
-0.83	-0.03	0.56	182.14	34.07	12.29
-0.50	0.75	0.44	123.45	25.96	15.14
-0.81	0.44	0.38	151.41	22.31	30.70
0.54	0.84	0.09	57.36	5.36	74.60
-0.56	-0.77	0.29	234.03	16.94	48.74
0.80	0.58	0.15	35.86	8.40	9.93
0.62	0.52	0.59	40.00	36.04	45.17
0.21	0.91	0.37	77.00	21.72	47.94
-0.20	-0.68	0.71	253.71	45.18	92.76
-0.31	0.37	0.87	129.82	60.97	2.78
0.78	0.61	0.11	37.97	6.21	65.53
0.95	-0.29	0.12	343.05	6.99	52.93
-1.00	-0.05	0.07	182.59	4.16	46.55
-0.89	-0.45	0.09	206.94	4.90	10.06
-0.77	-0.61	0.18	218.04	10.35	67.36
-0.32	-0.75	0.58	247.04	35.22	26.88
-0.82	-0.58	0.00	215.30	0.01	37.94
-0.87	0.29	0.39	161.94	23.12	81.62
-0.07	-0.91	0.41	265.91	24.15	46.79
0.60	0.77	0.22	51.75	12.91	53.78
0.30	-0.78	0.55	291.09	33.05	42.64
-0.32	-0.35	0.88	227.62	61.43	59.53
0.90	0.41	0.14	24.63	7.76	80.67
0.88	0.48	0.00	28.81	0.08	89.32
-0.53	0.76	0.37	124.80	21.76	84.60
0.92	0.35	0.18	20.63	10.49	58.61
0.31	0.77	0.56	68.21	33.79	19.27
-0.88	-0.37	0.29	202.83	16.61	57.50
-0.82	-0.58	0.00	215.30	0.01	37.94
-0.18	0.64	0.75	105.39	48.26	40.18
-0.86	0.40	0.31	154.99	18.33	42.52
0.40	-0.35	0.85	319.37	57.88	31.38
0.94	0.21	0.29	12.55	16.66	55.11
-0.87	-0.37	0.33	203.29	19.24	47.72
0.21	-0.95	0.25	282.26	14.32	20.05
0.97	0.20	0.14	11.86	7.78	68.97
0.97	0.20	0.14	11.86	7.78	68.97
-0.79	0.39	0.48	153.96	28.55	61.79
-0.93	-0.26	0.25	195.83	14.57	40.88
0.25	-0.92	0.31	285.09	18.19	39.19
0.65	-0.64	0.40	315.39	23.54	49.68
0.72	-0.63	0.30	319.13	17.16	80.49
0.78	0.13	0.62	9.87	38.11	80.08
0.90	0.43	0.06	25.43	3.52	51.77
-0.50	-0.35	0.79	214.98	52.12	55.05
1.00	-0.04	0.04	357.75	2.06	66.31
-0.41	-0.42	0.81	225.48	54.17	58.77
0.25	0.77	0.58	72.10	35.74	7.28
0.64	0.51	0.58	38.64	35.44	106.36
0.91	-0.24	0.35	345.13	20.33	83.75
0.80	0.22	0.55	15.03	33.70	68.76
0.59	-0.38	0.71	326.82	45.43	56.83
0.53	-0.33	0.78	328.49	51.34	7.31
0.53	-0.33	0.78	328.49	51.34	7.31
-0.76	0.65	0.07	139.35	3.86	47.88
0.28	-0.66	0.69	292.81	44.03	50.38
-0.28	0.61	0.75	114.47	48.18	40.28
0.10	-0.00	0.99	357.53	84.23	52.05
0.46	-0.71	0.53	302.77	31.94	25.07
-0.81	-0.54	0.21	213.73	12.13	56.69
0.63	0.71	0.30	48.39	17.34	19.17
0.03	0.67	0.74	87.29	47.59	37.84
-0.84	0.41	0.36	154.10	20.85	35.16
0.95	-0.31	0.10	341.93	5.47	56.33
-0.90	-0.31	0.31	198.71	17.91	65.31
-0.58	-0.78	0.25	233.52	14.67	81.44
-0.68	-0.73	0.04	227.08	2.26	45.63
0.84	0.11	0.54	7.20	32.66	64.98
-0.04	-0.62	0.78	265.94	51.36	62.91
0.09	-0.48	0.87	280.97	60.69	30.52
0.16	0.98	0.10	80.63	5.97	32.86
0.16	0.98	0.10	80.63	5.97	32.86
-0.85	0.48	0.21	150.68	11.99	49.87
0.25	-0.95	0.18	284.60	10.52	57.97
-0.92	-0.33	0.20	199.83	11.72	67.68
-0.92	-0.33	0.20	199.83	11.72	67.68
-0.90	0.04	0.43	177.37	25.72	49.10
-0.47	0.82	0.32	120.07	18.62	17.64
0.17	0.26	0.95	55.85	71.93	43.49
-0.04	0.92	0.38	92.52	22.38	33.54
0.98	0.16	0.06	9.47	3.40	64.35
-0.99	-0.01	0.14	180.79	8.10	71.65
0.73	0.16	0.67	12.33	41.89	69.67
0.93	0.27	0.24	15.93	14.10	11.60
0.71	0.37	0.59	27.79	36.48	14.72
-0.18	-0.79	0.59	257.32	35.87	27.93
-0.73	-0.57	0.37	217.63	21.87	22.11
0.28	0.49	0.83	60.41	56.09	56.68
0.28	0.49	0.83	60.41	56.09	56.68
-0.12	0.41	0.90	105.73	64.82	56.93
-0.12	0.41	0.90	105.73	64.82	56.93
0.93	0.26	0.27	15.83	15.58	75.62
-0.89	0.36	0.28	158.21	15.97	42.47
-0.76	0.56	0.33	143.77	19.28	35.69
0.71	-0.69	0.12	315.95	6.79	74.75
0.44	0.03	0.90	4.31	63.63	52.98
0.44	0.03	0.90	4.31	63.63	52.98
-0.63	-0.71	0.31	228.39	18.35	54.87
0.41	0.86	0.30	64.77	17.45	32.05
-0.87	-0.42	0.24	205.92	13.64	40.24
0.84	0.21	0.50	14.04	29.89	88.18
-0.28	-0.95	0.12	253.56	6.95	36.71
-0.33	-0.82	0.47	248.23	28.21	80.75
0.46	-0.82	0.34	299.01	20.18	94.49
-0.18	-0.79	0.59	257.32	35.87	27.93
0.88	0.34	0.33	21.07	19.52	61.89
-0.84	0.41	0.36	154.10	20.85	35.16
0.64	0.77	0.05	50.34	2.91	47.83
-0.90	0.41	0.14	155.60	8.02	48.86
-0.35	-0.81	0.47	246.52	28.01	87.55
0.17	-0.83	0.53	281.56	32.33	54.04
0.09	-0.48	0.87	281.26	61.03	49.09
-0.95	0.13	0.29	172.08	16.98	63.87
0.58	0.67	0.46	49.33	27.29	72.73
-0.51	-0.62	0.59	230.32	36.45	7.10
0.15	0.01	0.99	5.14	81.50	28.09
0.65	-0.75	0.08	311.05	4.51	68.10
0.78	-0.31	0.54	338.03	32.90	89.79
0.06	-0.82	0.57	274.40	34.60	62.33
0.08	-0.43	0.90	280.76	64.09	83.42
-0.67	0.53	0.52	142.09	31.23	41.28
-0.84	-0.23	0.48	195.57	28.98	42.50
-0.84	-0.23	0.48	195.57	28.98	42.50
0.65	-0.75	0.08	311.05	4.51	68.10
0.06	0.79	0.61	85.50	37.26	12.52
-0.27	-0.95	0.16	253.93	9.19	23.12
-0.98	-0.19	0.06	190.87	3.39	79.88
-0.57	-0.33	0.75	209.92	48.94	33.82
0.64	-0.45	0.62	324.79	38.48	42.35
0.60	-0.71	0.37	310.09	21.59	89.80
-0.14	0.55	0.82	104.10	55.58	38.18
-0.96	-0.14	0.23	188.37	13.14	66.21
0.61	0.51	0.61	39.78	37.72	49.32
-0.94	-0.15	0.30	189.22	17.49	27.92
0.64	-0.45	0.62	324.79	38.48	42.35
-0.69	-0.72	0.06	226.07	3.55	68.31
-0.90	-0.37	0.25	202.27	14.21	39.18
-0.86	0.34	0.38	158.25	22.07	56.12
-0.76	0.64	0.12	140.19	6.69	61.00
0.48	0.83	0.28	59.93	16.11	82.91
-0.33	0.37	0.87	132.12	60.08	66.82
-0.71	0.66	0.26	137.28	14.96	28.82
0.76	0.31	0.57	22.15	34.47	73.38
-0.85	-0.53	0.03	211.96	1.72	25.76
-0.98	0.17	0.11	170.29	6.04	50.81
0.26	-0.80	0.54	288.35	32.81	48.97
0.61	-0.70	0.37	311.34	21.60	59.84
0.57	-0.72	0.39	308.35	23.14	29.99
0.71	-0.16	0.69	347.63	43.62	64.49
-1.00	-0.02	0.10	180.91	5.57	63.97
-0.08	-0.96	0.26	265.45	14.86	11.57
-0.09	-0.41	0.91	258.06	65.20	33.72
-0.53	-0.40	0.75	216.79	48.22	39.71
0.69	-0.61	0.39	318.80	22.71	42.86
0.39	0.04	0.92	6.45	66.82	17.69
0.23	0.25	0.94	47.06	69.91	32.58
0.05	0.77	0.63	86.17	39.08	77.64
0.89	0.44	0.15	26.18	8.58	42.53
0.14	0.12	0.98	40.39	79.03	20.28
0.83	-0.49	0.26	329.59	15.05	51.58
0.81	-0.14	0.57	350.49	34.77	49.03
-0.90	0.26	0.36	163.58	20.88	75.02
0.53	-0.14	0.83	345.59	56.58	54.81
-0.12	0.99	0.05	96.92	2.70	16.14
0.09	-0.57	0.81	278.61	54.54	23.88
0.51	-0.83	0.23	301.90	13.39	47.15
-0.73	-0.57	0.37	217.63	21.87	22.11
-1.00	0.07	0.04	176.15	2.09	67.53
-0.99	0.15	0.05	171.29	2.72	43.26
0.10	0.69	0.72	81.98	46.03	71.09
-0.54	-0.78	0.32	235.55	18.62	83.39
0.27	0.86	0.44	72.73	25.89	53.49
-0.74	-0.12	0.66	189.05	41.24	34.57
0.55	-0.76	0.34	305.98	19.62	34.63
0.02	0.30	0.95	85.90	72.38	39.67
0.02	-0.48	0.87	272.82	60.96	44.60
0.22	-0.73	0.65	286.70	40.43	12.07
0.72	0.67	0.15	42.99	8.65	50.97
0.66	-0.42	0.62	327.65	38.56	40.23
0.78	-0.29	0.55	339.63	33.32	88.03
0.60	-0.54	0.59	318.15	36.30	15.47
-0.97	0.05	0.25	177.29	14.48	59.17
0.24	0.06	0.97	13.80	75.52	71.71
0.60	-0.38	0.70	327.72	44.55	91.07
-0.20	-0.12	0.97	212.42	76.63	34.16
-0.62	0.68	0.40	132.53	23.56	45.06
-0.95	0.31	0.05	162.01	3.14	62.34
0.10	-0.03	0.99	344.06	83.82	32.69
0.25	-0.71	0.66	289.24	41.31	64.69
0.78	-0.60	0.17	322.63	9.64	55.97
0.88	0.20	0.43	12.90	25.17	12.22
-0.47	0.71	0.52	123.17	31.55	40.73
0.11	-0.61	0.78	279.91	51.59	50.54
0.12	-0.96	0.25	277.38	14.21	19.61
0.88	0.14	0.44	9.04	26.38	68.26
0.73	-0.58	0.35	321.41	20.55	33.13
-0.94	0.23	0.25	165.99	14.27	30.33
0.17	0.98	0.08	80.28	4.59	44.41
0.83	0.45	0.34	28.32	20.18	54.32
0.60	0.14	0.79	13.07	52.13	15.19
-0.64	0.53	0.56	140.26	33.93	60.06
-0.71	-0.00	0.70	180.35	44.81	18.99
-0.95	0.25	0.21	165.38	12.07	58.77
-0.52	0.26	0.81	153.58	54.28	59.92
0.65	-0.74	0.17	311.10	10.07	48.96
0.65	-0.74	0.17	311.10	10.07	48.96
-0.04	-0.51	0.86	265.97	59.46	47.29
0.91	-0.41	0.08	335.60	4.78	9.73
-0.65	-0.40	0.64	211.65	39.99	32.26
-0.76	0.64	0.07	139.72	3.94	57.41
-0.16	-0.50	0.85	251.96	58.11	29.28
-0.37	-0.63	0.68	239.94	42.97	9.09
0.85	-0.50	0.18	329.78	10.45	6.89
-0.09	-0.55	0.83	260.68	56.29	59.34
-0.96	-0.21	0.18	192.57	10.20	28.38
0.48	-0.17	0.86	340.48	59.17	46.98
-0.35	-0.50	0.79	235.40	52.43	48.09
0.51	-0.74	0.43	304.69	25.63	17.63
0.51	-0.74	0.43	304.69	25.63	17.63
0.53	-0.66	0.53	309.03	31.87	61.63
0.98	-0.18	0.13	349.40	7.23	28.95
0.49	-0.61	0.63	308.68	39.01	24.39
0.49	-0.61	0.63	308.68	39.01	24.39
0.17	-0.13	0.98	321.81	77.86	26.87
-0.08	-0.46	0.88	260.05	62.06	41.25
-0.26	0.83	0.49	107.14	29.32	47.52
0.06	-0.62	0.78	275.35	51.35	63.43
-0.62	-0.69	0.38	227.79	22.17	63.12
0.63	-0.19	0.76	343.38	49.12	35.98
0.25	0.93	0.29	75.11	16.61	11.64
0.25	0.93	0.29	75.11	16.61	11.64
0.98	0.14	0.11	8.35	6.20	69.71
0.95	-0.05	0.32	356.83	18.69	72.27
0.02	0.40	0.92	87.10	66.40	11.16
0.98	0.10	0.15	5.79	8.62	75.22
0.98	0.10	0.15	5.79	8.62	75.22
-0.98	-0.20	0.07	191.84	4.21	22.66
0.73	0.60	0.31	39.49	18.25	61.93
0.63	-0.19	0.76	343.38	49.12	35.98
0.50	-0.03	0.86	356.22	59.82	79.42
0.18	0.79	0.59	77.49	35.90	52.24
-0.16	-0.76	0.63	258.13	39.40	71.83
-0.76	0.05	0.65	176.15	40.53	45.97
0.76	-0.63	0.15	320.46	8.81	35.18
0.29	0.01	0.96	1.20	73.34	14.57
-0.90	0.43	0.07	154.31	4.19	76.35
0.62	-0.78	0.07	308.45	3.81	58.47
-0.64	-0.18	0.75	195.53	48.54	34.64
0.61	-0.79	0.10	307.75	5.73	63.16
-0.97	-0.21	0.12	191.94	7.18	38.89
0.49	-0.64	0.59	307.49	36.05	41.83
0.31	0.70	0.65	66.07	40.22	65.09
0.85	0.25	0.46	16.40	27.21	69.90
-0.26	0.69	0.68	110.74	42.53	7.68
0.22	0.45	0.87	63.89	60.19	79.33
-0.50	-0.02	0.86	182.40	59.67	27.40
0.26	0.52	0.81	63.10	54.33	66.53
-0.52	-0.36	0.77	214.36	50.52	42.17
-0.59	-0.70	0.39	229.95	23.19	18.87
-0.83	-0.02	0.56	181.19	34.23	55.65
-0.97	0.13	0.21	172.47	12.09	79.68
0.36	0.58	0.73	58.67	46.78	69.43
0.56	0.70	0.44	51.47	25.92	53.88
-0.51	-0.82	0.25	238.14	14.50	13.66
0.52	-0.66	0.54	307.98	32.78	59.24
-0.86	-0.40	0.33	204.88	19.49	72.10
0.83	0.47	0.30	29.36	17.46	40.39
-0.62	-0.36	0.70	209.74	44.03	6.14
0.52	-0.57	0.63	312.76	39.38	9.13
0.43	0.81	0.40	62.25	23.39	53.01
-0.58	-0.02	0.81	182.25	54.44	8.20
-0.87	0.29	0.39	161.89	23.24	15.29
-0.11	0.10	0.99	137.86	81.57	51.44
-0.43	0.77	0.47	118.89	28.18	27.59
0.03	-0.30	0.95	276.11	72.31	49.38
0.98	-0.17	0.14	350.18	8.02	66.69
0.98	-0.17	0.14	350.18	8.02	66.69
-0.74	0.63	0.21	139.56	12.39	20.41
-0.04	-0.94	0.35	267.63	20.41	12.96
0.55	0.81	0.20	55.86	11.65	8.83
-0.44	0.34	0.83	142.18	55.95	14.58
-0.12	0.93	0.34	97.25	19.60	30.93
0.47	-0.87	0.13	298.38	7.26	4.10
0.65	-0.35	0.67	331.52	42.28	51.16
0.49	0.78	0.39	57.67	23.00	51.26
0.45	0.42	0.79	42.99	52.25	110.68
0.52	0.31	0.80	30.71	52.80	102.37
-0.04	-0.45	0.89	264.67	62.85	41.59
0.27	-0.51	0.82	298.06	54.96	33.63
0.99	0.12	0.10	6.82	5.54	73.29
-0.91	0.37	0.16	157.97	9.23	43.24
0.51	-0.78	0.37	302.98	21.73	58.89
0.99	0.06	0.14	3.46	8.28	49.80
-0.72	-0.55	0.43	217.53	25.25	34.14
0.29	-0.94	0.18	287.21	10.50	14.09
-0.96	-0.26	0.05	195.00	3.06	71.71
-0.65	0.39	0.66	149.08	41.03	58.86
0.39	-0.60	0.69	303.14	43.76	51.54
-0.72	0.09	0.69	172.86	43.46	37.13
0.04	-0.20	0.98	280.43	78.53	38.08
-0.54	0.13	0.83	166.87	56.31	25.23
-0.04	-0.45	0.89	264.67	62.85	41.59
0.15	-0.72	0.68	281.46	43.00	26.16
0.51	0.86	0.02	59.43	1.11	48.04
-0.98	0.15	0.12	171.41	7.12	54.11
-0.45	-0.76	0.46	239.24	27.52	58.43
-0.40	-0.58	0.71	235.18	44.94	74.71
-0.85	0.30	0.43	160.50	25.76	36.75
-0.92	0.07	0.37	175.77	21.97	56.47
-0.95	0.05	0.31	176.89	18.36	63.36
0.51	0.51	0.69	44.56	43.91	112.92
-0.24	0.05	0.97	168.25	75.67	49.30
0.80	0.37	0.47	24.96	28.34	46.98
0.20	-0.96	0.19	281.67	11.13	43.33
-0.87	0.47	0.14	151.59	8.24	41.74
0.60	-0.61	0.52	314.54	31.36	33.06
0.55	0.33	0.77	31.26	50.09	61.08
0.55	0.33	0.77	31.26	50.09	61.08
-0.86	-0.20	0.48	192.90	28.38	57.58
0.04	-0.35	0.94	277.28	69.49	78.82
0.92	0.27	0.30	16.16	17.47	53.16
0.92	0.27	0.30	16.16	17.47	53.16
0.92	0.27	0.30	16.16	17.47	53.16
0.44	0.60	0.67	53.96	42.17	84.20
-0.68	-0.65	0.33	223.89	19.49	78.17
0.68	-0.10	0.72	351.49	46.43	51.50
0.97	-0.00	0.25	359.99	14.18	64.60
0.72	-0.09	0.69	353.00	43.36	78.82
-0.57	-0.82	0.05	235.17	2.80	56.36
-0.57	0.41	0.71	144.18	45.56	78.92
-0.16	0.88	0.44	100.33	26.31	41.37
-0.32	-0.68	0.66	245.02	41.13	44.35
-0.87	0.47	0.14	151.59	8.24	41.74
0.56	-0.43	0.71	322.46	45.51	11.02
-0.44	0.43	0.79	135.52	52.02	79.77
-0.99	-0.06	0.13	183.46	7.24	49.59
0.98	-0.01	0.20	359.17	11.46	42.38
-0.34	-0.24	0.91	216.01	65.53	11.99
0.51	0.39	0.77	37.72	49.93	59.82
0.86	0.31	0.40	19.65	23.31	67.21
0.42	-0.10	0.90	346.25	64.13	46.32
0.75	-0.50	0.44	326.31	26.08	58.49
0.82	-0.19	0.54	346.83	32.77	77.51
-0.80	0.60	0.01	143.13	0.79	75.37
-0.30	-0.32	0.90	227.14	64.26	33.16
-0.95	0.23	0.21	166.22	11.85	83.09
-0.32	0.93	0.19	108.76	11.13	59.35
0.97	0.09	0.21	5.49	11.88	71.15
0.44	0.78	0.44	60.43	26.39	65.81
0.52	-0.72	0.46	305.71	27.69	41.60
0.41	-0.58	0.71	305.59	44.95	18.22
0.74	0.03	0.67	2.00	42.35	86.34
-0.34	-0.01	0.94	182.13	70.25	6.42
-0.97	-0.20	0.12	191.78	6.79	74.35
0.83	0.42	0.38	26.74	22.08	82.51
-0.81	-0.42	0.42	207.69	24.61	9.22
-0.79	0.49	0.38	148.10	22.32	36.39
0.56	0.59	0.58	46.55	35.20	59.86
0.36	0.53	0.77	55.41	50.18	54.31
-0.09	-0.99	0.14	264.78	8.09	68.08
-0.27	-0.30	0.91	228.17	65.88	16.13
-0.16	0.94	0.31	99.44	18.29	17.75
-0.16	0.94	0.31	99.44	18.29	17.75
-0.60	0.66	0.46	132.46	27.26	50.37
0.46	0.01	0.89	1.46	62.35	21.80
0.56	0.49	0.67	41.43	41.81	47.28
0.85	0.49	0.18	29.86	10.22	83.21
0.43	0.87	0.22	63.86	12.96	21.91
-0.14	0.80	0.58	100.10	35.76	44.80
-0.14	0.80	0.58	100.10	35.76	44.80
0.58	0.34	0.74	30.12	47.66	81.86
-0.77	0.28	0.58	159.80	35.33	15.78
0.87	0.45	0.20	27.24	11.25	88.28
0.87	0.49	0.00	29.55	0.09	90.65
-0.07	-0.63	0.77	263.45	50.74	99.86
-0.07	-0.63	0.77	263.45	50.74	99.86
0.25	0.97	0.07	75.67	4.07	81.53
0.85	-0.32	0.41	339.40	24.27	57.78
0.32	-0.93	0.16	288.70	9.49	34.78
0.97	0.24	0.07	14.12	4.29	33.39
0.54	-0.68	0.50	308.33	30.12	65.27
-0.24	-0.55	0.80	245.89	53.18	32.77
0.57	-0.29	0.77	332.46	50.39	73.80
-0.55	0.80	0.24	124.41	13.66	11.98
0.50	-0.76	0.42	303.66	24.62	74.31
0.35	0.31	0.89	41.26	62.29	67.96
0.92	0.16	0.35	10.13	20.55	64.70
0.64	0.57	0.51	41.48	30.66	57.93
-0.68	-0.69	0.25	225.49	14.57	66.21
0.71	0.65	0.28	42.25	16.24	62.05
0.39	0.56	0.73	55.13	46.99	59.95
0.79	0.32	0.53	22.15	32.02	68.89
0.95	0.10	0.30	5.79	17.25	26.08
0.77	0.50	0.39	32.83	22.82	84.63
-0.51	-0.74	0.43	235.23	25.47	19.91
-0.22	-0.87	0.44	255.91	25.95	12.18
-0.22	-0.87	0.44	255.91	25.95	12.18
1.00	-0.09	0.03	354.72	1.91	40.82
0.96	-0.29	0.03	343.25	1.96	22.39
0.04	0.78	0.63	86.95	39.03	53.61
0.05	0.48	0.87	83.68	60.99	31.40
-0.71	-0.62	0.34	221.03	19.98	42.63
-0.71	-0.62	0.34	221.03	19.98	42.63
0.64	-0.59	0.50	317.17	29.90	8.42
0.89	0.47	0.01	27.72	0.37	29.98
-0.33	-0.40	0.86	229.82	58.84	15.81
-0.50	0.53	0.68	133.48	43.08	43.67
-0.84	-0.39	0.38	205.14	22.42	38.96
0.83	0.07	0.55	5.02	33.19	17.62
-0.59	-0.63	0.50	227.08	30.20	59.59
0.95	0.05	0.32	3.24	18.69	56.91
0.98	0.07	0.20	4.32	11.49	52.61
0.92	-0.22	0.32	346.33	18.65	82.01
-0.99	-0.12	0.05	187.13	2.81	19.37
-0.09	0.90	0.43	95.42	25.55	56.65
-0.95	0.05	0.31	176.71	18.14	63.25
0.81	0.42	0.42	27.43	24.64	70.77
-0.76	0.11	0.64	171.56	40.05	70.72
-0.77	0.22	0.60	163.70	36.92	73.04
