7.123528836754643407e+02 1.162459042033235619e+03
3.782404692082111097e+01 1.159937438905180898e+03
5.938375366568914160e+02 9.140811339198435235e+02
6.883976539589442609e+02 6.392263929618768543e+02
4.236293255131964770e+02 3.227652003910068288e+02
1.714690127077223849e+02 2.824195503421309468e+02
4.664965786901270803e+02 2.559427174975562025e+02
8.699530791788855595e+02 2.269442815249266800e+02
2.168578690127077095e+02 1.651650048875855248e+02
3.114179863147604692e+02 1.336449657869012526e+02
