2248
2284
2293
2294
407
475
492
493
511
516
1441
1471
1521
1522
1523
1530
1539
1555
1569
1280
1298
1328
1332
1336
1337
1338
1547
1596
1602
1626
1631
1632
1647
368
397
456
465
468
469
478
479
480
481
482
486
487
488
489
494
497
498
499
508
517
518
1535
1536
1537
1538
1545
1546
1552
1553
1558
1559
1562
1565
1566
1567
1570
1571
1572
1581
1588
1589
1590
1591
1594
1595
1600
1601
1606
1607
1608
1609
1612
1613
1614
1617
1622
1625
768
984
985
986
1004
1007
1009
1010
1011
1018
1019
1033
1034
1035
914
955
1587
1616
559
