1.190469143446852513e+03 8.795955417956656675e+02
8.899926522187822684e+02 8.203320123839009739e+02
1.190469143446852513e+03 7.579493498452012545e+02
1.208144231166150803e+03 6.550179566563467688e+02
4.834656346749226259e+02 6.155089370485036397e+02
4.949024561403509210e+02 6.092706707946337019e+02
5.052995665634675220e+02 6.051118266253870388e+02
6.851695768833849343e+02 5.780793395252837854e+02
6.352634468524252043e+02 5.697616511867905729e+02
9.502958926728587130e+02 5.604042518059856093e+02
1.164476367389060982e+02 5.656028070175439098e+02
9.398987822497419984e+02 5.479277192982456199e+02
2.661660268317853593e+02 5.458482972136223452e+02
1.183191166150670824e+03 5.208952321981424802e+02
0.000000000000000000e+00 0.000000000000000000e+00
4.158844169246646238e+00 4.564331475748194293e+02
1.260129783281733808e+03 4.522743034055727662e+02
1.018916821465428370e+03 4.294006604747162328e+02
5.739204953560372360e+02 4.273212383900929012e+02
1.195667698658410814e+02 4.221226831785346008e+02
4.949024561403509210e+02 4.002887512899897047e+02
7.277977296181630606e+01 3.659782868937048761e+02
1.201905964912280751e+03 3.618194427244582130e+02
1.019956532507740008e+03 3.514223323013416120e+02
3.909313519091847411e+02 3.587003095975232441e+02
3.119133126934984830e+02 3.535017543859649436e+02
0.000000000000000000e+00 0.000000000000000000e+00
1.049068441692466422e+03 3.441443550051599800e+02
8.993500515995872320e+02 3.358266666666667106e+02
7.371551289989680527e+02 3.160721568627450893e+02
2.391335397316821627e+02 2.464115170278637947e+02
7.070035087719298872e+01 2.183393188854489324e+02
4.013284623323013420e+02 1.965053869969040363e+02
8.307291228070175748e+02 1.590757894736842104e+02
5.614439628482972466e+02 1.382815686274509801e+02
