5.463450000000000273e+02 6.896643750000000637e+02
4.626618750000000091e+02 6.829312499999999773e+02
4.174537500000000136e+02 5.848200000000000500e+02
3.934068750000000136e+02 5.174887499999999818e+02
4.491956250000000068e+02 5.126793750000000500e+02
1.673662500000000080e+02 5.011368750000000318e+02
3.732075000000000387e+02 4.770900000000000318e+02
6.685031250000000682e+02 4.299581249999999955e+02
1.404337500000000034e+02 2.924100000000000250e+02
1.144631250000000051e+02 2.904862499999999841e+02
6.444562500000000682e+01 2.510493749999999977e+02
