9.368583691406250864e+02 9.378912890625000500e+02
9.647472070312500136e+02 9.244633300781250682e+02
3.718511718750000341e+02 9.161999707031250182e+02
7.643607421875000796e+01 9.100024511718750091e+02
1.002965244140625032e+03 8.573235351562500455e+02
1.084565917968750028e+02 8.025787792968750409e+02
2.571970605468750364e+02 7.282085449218750455e+02
8.345992968750000500e+02 6.300811523437499773e+02
1.135178994140625036e+03 6.083898339843750591e+02
8.614552148437500136e+02 5.866985156250000273e+02
1.164100751953124927e+03 5.526121582031249773e+02
9.234304101562499909e+02 5.319537597656250227e+02
9.244633300781250682e+02 5.298879199218749818e+02
1.159969072265625073e+03 5.143941210937500728e+02
5.061307617187500085e+01 5.030320019531250182e+02
8.914098925781249818e+02 4.472543261718749932e+02
5.908301953124999955e+02 2.675262597656250136e+02
1.146541113281250091e+03 2.530653808593750114e+02
5.712047167968750045e+02 2.509995410156249989e+02
6.837929882812500182e+02 2.365386621093749966e+02
9.916031250000000909e+02 2.396374218750000011e+02
8.180725781250000637e+02 2.375715820312500171e+02
2.417032617187500136e+02 2.406703417968750216e+02
5.639742773437500318e+02 1.012261523437500017e+02
