# Column 1-3: misorientation axis in TSL Euler coordinates
# Column 4: alpha (in plane angle)
# Column 5: beta (out of plane angle)
# Column 6: misorientation angle
0.32	-0.08	0.94	345.44	70.57	12.43
-0.74	0.62	0.25	140.23	14.46	41.08
0.33	-0.33	0.89	315.20	62.36	11.77
-0.14	-0.72	0.68	258.96	42.47	36.30
0.53	0.68	0.51	52.02	30.87	48.97
-0.52	-0.83	0.17	237.88	9.85	84.40
0.94	-0.15	0.29	350.98	17.11	26.57
0.66	0.75	0.08	48.38	4.67	89.95
-0.56	-0.68	0.47	230.63	28.15	86.15
0.42	-0.54	0.73	308.05	46.50	64.85
0.32	0.55	0.77	59.92	50.77	9.69
0.02	0.77	0.63	88.35	39.19	18.25
-0.55	0.17	0.82	162.90	54.69	14.39
0.46	0.77	0.44	59.44	25.89	19.17
0.96	0.26	0.14	15.12	8.00	44.83
-0.86	0.33	0.40	159.19	23.29	46.06
-0.70	0.66	0.29	136.54	16.57	45.36
0.72	0.27	0.64	20.56	39.77	18.35
0.13	-0.56	0.82	283.38	55.03	47.43
0.18	-0.42	0.89	293.39	63.10	67.97
0.31	0.65	0.70	64.57	44.19	59.95
-0.84	-0.22	0.49	194.64	29.39	38.09
0.18	0.98	0.04	79.86	2.21	34.35
-0.96	-0.03	0.27	181.75	15.49	37.14
0.58	0.03	0.82	2.83	54.84	72.98
0.58	0.00	0.81	0.49	54.46	72.74
0.48	0.53	0.70	47.64	44.26	63.40
0.86	0.33	0.38	20.81	22.61	36.88
-0.14	0.97	0.18	98.05	10.31	24.05
-0.57	-0.72	0.40	231.76	23.67	69.04
-0.21	0.97	0.11	102.05	6.31	75.64
0.37	-0.92	0.16	291.83	9.42	87.02
0.57	0.78	0.26	54.09	15.35	38.53
-0.63	-0.78	0.07	231.08	3.84	52.76
0.62	0.67	0.41	47.03	24.24	66.02
-0.75	0.06	0.66	175.64	41.28	49.05
0.31	-0.86	0.41	289.63	24.21	60.32
-0.74	0.08	0.67	174.13	42.24	65.71
-0.33	-0.82	0.47	247.95	27.79	86.06
-0.92	-0.19	0.34	191.62	19.80	63.17
-0.85	-0.18	0.49	192.19	29.06	62.55
0.53	0.36	0.77	33.95	50.04	36.47
0.66	-0.10	0.75	351.36	48.18	25.06
-0.77	0.31	0.56	158.14	33.89	58.37
-0.79	0.39	0.48	153.55	28.42	45.21
-0.35	-0.16	0.92	204.63	67.64	13.70
0.09	0.56	0.82	80.90	55.35	24.86
-0.91	-0.34	0.24	200.58	13.68	59.72
-0.58	-0.02	0.81	182.24	54.43	24.46
0.68	-0.70	0.20	314.21	11.61	83.75
0.17	-0.94	0.29	280.01	16.91	57.32
0.33	-0.81	0.48	292.33	28.83	47.95
0.84	0.48	0.25	29.73	14.70	44.49
-0.88	-0.47	0.03	207.99	1.53	29.14
-0.38	-0.51	0.77	233.07	50.46	59.25
-0.56	0.04	0.83	175.94	55.95	49.82
0.45	-0.86	0.25	297.58	14.48	52.07
0.31	0.16	0.94	27.96	69.41	84.64
0.62	-0.45	0.64	324.32	39.70	43.72
0.81	0.40	0.43	26.32	25.59	90.74
0.28	0.76	0.59	69.90	36.39	15.78
-0.86	0.20	0.47	167.23	27.97	48.37
-0.96	0.11	0.24	173.45	13.86	48.03
0.64	-0.77	0.02	309.46	0.92	36.88
-0.75	0.54	0.39	144.24	23.12	78.23
-0.73	0.14	0.66	169.21	41.66	70.20
0.15	-0.30	0.94	296.24	70.39	68.65
0.63	0.56	0.54	41.97	32.52	96.72
0.90	-0.22	0.39	346.41	22.84	73.91
-0.97	-0.13	0.23	187.56	13.02	28.38
0.52	-0.85	0.05	301.58	3.13	82.69
-0.97	-0.13	0.23	187.56	13.02	28.38
-0.55	0.70	0.46	128.16	27.43	78.62
-0.22	0.73	0.65	106.59	40.23	66.85
-0.33	-0.41	0.85	230.92	58.26	65.17
-0.65	0.21	0.73	162.21	47.29	105.19
-0.17	0.48	0.86	109.57	59.23	53.23
0.88	0.24	0.41	15.52	24.44	80.95
0.98	-0.10	0.15	354.03	8.76	54.62
0.88	0.24	0.41	15.52	24.44	80.95
-0.97	-0.18	0.19	190.40	10.85	66.69
0.08	0.68	0.72	83.58	46.44	44.54
-0.73	-0.61	0.30	219.72	17.39	39.33
-0.72	0.15	0.68	168.41	42.63	16.71
0.40	0.92	0.01	66.39	0.54	77.90
-0.97	-0.24	0.07	193.65	3.87	56.46
0.21	-0.21	0.96	314.99	73.07	60.41
0.81	0.42	0.41	27.26	24.39	90.69
-0.89	-0.46	0.01	207.62	0.46	69.96
-0.97	0.06	0.23	176.68	13.06	71.07
-0.18	0.76	0.62	103.33	38.41	73.37
-0.36	0.92	0.15	111.39	8.86	55.79
0.66	0.40	0.63	31.23	39.05	48.92
-0.78	0.23	0.59	163.51	35.97	55.06
0.76	-0.59	0.27	322.13	15.49	67.66
0.61	-0.51	0.61	320.30	37.30	70.53
0.86	-0.31	0.41	340.13	24.44	70.60
0.86	-0.30	0.41	341.07	24.22	70.20
0.65	-0.17	0.74	345.59	47.92	64.94
-0.22	0.90	0.37	103.47	21.55	56.51
-0.08	0.25	0.96	107.27	74.54	76.05
-0.62	0.44	0.65	144.34	40.34	90.46
-0.12	-0.47	0.87	255.72	60.79	70.58
0.33	0.94	0.02	70.65	1.35	49.18
0.51	-0.42	0.76	320.68	49.09	82.66
-0.09	-0.98	0.19	264.89	10.76	58.49
0.73	-0.63	0.25	319.21	14.74	19.17
0.97	-0.23	0.10	346.64	5.98	83.59
0.01	0.30	0.95	88.87	72.61	34.25
-0.93	0.28	0.22	163.38	12.74	52.83
0.33	-0.55	0.77	301.13	50.22	44.27
-0.89	0.34	0.31	159.15	18.04	37.04
0.34	0.64	0.69	62.41	43.41	40.52
0.90	0.44	0.03	26.35	1.63	60.80
0.25	-0.96	0.11	284.80	6.58	22.73
-0.63	0.74	0.21	130.43	11.85	31.31
0.05	-0.19	0.98	285.28	78.37	53.91
0.25	-0.96	0.11	284.80	6.58	22.73
-0.92	-0.31	0.26	198.83	14.78	31.75
-0.81	0.57	0.10	144.84	5.53	92.42
0.90	-0.22	0.38	346.25	22.48	53.30
-0.46	-0.72	0.52	237.43	31.23	40.80
-0.80	-0.58	0.13	215.82	7.59	88.15
-0.91	-0.19	0.37	191.68	21.99	47.44
-0.75	0.46	0.48	148.31	28.43	42.53
-0.80	-0.40	0.45	206.93	26.88	17.47
0.61	-0.40	0.69	326.80	43.38	98.97
-0.55	0.76	0.36	125.88	21.20	30.19
0.89	0.22	0.41	13.95	24.01	63.18
0.99	0.14	0.07	7.96	4.08	89.62
0.86	-0.20	0.47	346.91	27.71	36.37
-0.68	-0.41	0.61	210.70	37.39	55.25
0.19	-0.11	0.98	330.30	77.51	15.02
0.54	0.36	0.76	33.86	49.64	60.29
0.22	-0.71	0.67	287.28	41.83	46.56
-0.53	0.19	0.83	160.42	55.65	31.46
0.57	-0.11	0.81	349.29	54.58	8.72
0.35	0.77	0.53	65.83	32.31	26.61
0.56	0.73	0.39	52.47	22.84	53.33
0.52	-0.84	0.15	301.73	8.81	56.28
0.38	-0.42	0.82	312.46	55.30	8.43
0.50	-0.27	0.82	331.31	55.55	16.86
0.17	0.98	0.09	80.13	5.02	21.52
0.57	-0.06	0.82	354.32	55.01	13.45
-0.85	-0.53	0.02	211.68	0.92	43.91
0.71	0.39	0.58	28.87	35.74	6.64
-0.93	-0.00	0.36	180.15	20.87	71.97
0.00	-0.92	0.38	270.28	22.62	70.27
0.00	-0.92	0.38	270.28	22.62	70.27
0.73	-0.45	0.51	328.36	30.39	95.00
0.84	0.39	0.37	25.05	22.02	18.79
0.57	-0.08	0.82	352.30	55.00	22.17
-0.56	-0.70	0.45	231.37	26.66	63.33
0.32	0.67	0.68	64.60	42.47	60.07
0.32	0.67	0.68	64.60	42.47	60.07
0.61	-0.76	0.25	308.74	14.40	56.45
-0.45	-0.47	0.76	226.16	49.11	52.29
0.81	0.58	0.07	35.56	3.89	41.88
0.61	0.00	0.79	0.44	52.10	55.63
0.45	0.24	0.86	27.59	59.38	27.31
0.12	0.01	0.99	4.84	83.04	77.79
0.77	0.19	0.61	13.93	37.78	32.85
0.90	-0.09	0.43	354.21	25.48	99.50
0.01	-0.10	0.99	274.57	83.99	75.76
0.01	-0.10	0.99	274.57	83.99	75.76
-0.48	0.38	0.79	141.55	52.60	43.33
-0.49	-0.19	0.85	200.99	58.24	85.47
-0.71	-0.62	0.33	221.29	19.09	86.77
-0.57	0.55	0.61	136.21	37.77	18.91
-0.75	-0.52	0.41	215.13	24.22	57.58
0.12	0.49	0.86	76.47	59.56	46.78
-0.24	0.93	0.28	104.52	16.13	20.41
-0.46	0.78	0.42	120.24	25.06	37.46
-0.40	0.75	0.52	117.84	31.52	37.76
0.00	0.25	0.97	89.32	75.44	38.07
0.00	0.25	0.97	89.32	75.44	38.07
0.33	0.92	0.20	70.11	11.65	54.58
-0.55	0.51	0.66	137.26	41.53	61.67
-0.77	0.55	0.32	144.67	18.53	20.88
-0.21	0.89	0.40	103.21	23.61	11.09
0.68	0.60	0.42	41.54	25.15	46.33
0.31	-0.72	0.62	293.26	38.54	61.00
0.46	0.15	0.87	18.31	61.00	6.04
0.76	-0.06	0.65	355.62	40.53	32.91
-0.74	0.30	0.60	158.14	36.64	49.47
0.35	0.79	0.51	66.28	30.34	68.35
-0.35	0.84	0.41	112.45	24.15	47.65
0.41	0.72	0.56	60.32	33.90	59.37
0.43	-0.56	0.71	307.65	44.89	65.78
0.32	0.82	0.47	68.71	28.03	57.03
0.16	0.85	0.51	79.48	30.34	74.57
-0.28	0.90	0.34	107.62	19.81	48.88
0.57	0.21	0.79	20.53	52.36	63.26
-0.36	-0.16	0.92	204.40	66.95	72.25
-0.87	0.28	0.40	162.08	23.69	62.77
0.56	-0.41	0.72	323.89	45.71	45.49
0.12	-0.99	0.02	276.63	0.90	47.67
-0.30	-0.86	0.42	250.41	24.58	59.11
0.64	0.13	0.76	11.76	49.20	40.09
0.78	-0.54	0.32	325.28	18.46	62.01
-0.79	0.40	0.47	153.30	27.73	73.46
0.69	0.72	0.02	46.10	1.31	71.13
0.10	0.66	0.74	81.07	47.74	71.20
-0.90	-0.42	0.11	204.71	6.24	24.11
0.67	-0.56	0.48	320.01	28.98	34.44
-0.32	-0.54	0.78	239.80	51.04	66.15
0.40	-0.61	0.68	302.82	43.15	69.98
-0.40	0.81	0.44	116.16	25.97	61.28
-0.67	-0.00	0.74	180.14	47.72	40.75
0.97	-0.13	0.18	352.48	10.54	77.59
-0.61	0.28	0.74	154.95	48.07	11.25
-0.67	-0.71	0.20	226.42	11.78	9.06
-0.10	0.50	0.86	101.29	59.27	51.45
-0.15	0.68	0.71	102.45	45.62	86.11
-0.26	0.89	0.39	106.16	22.75	59.27
0.49	-0.35	0.79	324.51	52.58	80.48
0.20	0.46	0.86	66.87	59.67	43.21
0.60	0.40	0.69	33.80	43.30	54.79
-0.08	0.43	0.90	100.54	64.08	21.45
0.07	0.45	0.89	81.46	62.78	67.89
-0.76	0.13	0.63	169.96	39.38	81.91
0.81	0.56	0.18	34.68	10.51	59.80
-0.35	0.42	0.84	129.80	57.23	26.95
-0.99	0.14	0.05	171.71	3.02	37.97
-0.29	-0.96	0.02	253.33	1.24	41.65
-0.27	-0.91	0.31	253.30	18.11	99.48
0.79	-0.36	0.49	335.21	29.60	71.07
-0.97	-0.04	0.23	182.13	13.41	76.13
0.94	0.29	0.16	17.28	9.17	61.42
0.43	-0.55	0.71	307.62	45.53	59.54
-0.98	-0.17	0.12	189.71	6.77	80.87
0.80	0.41	0.44	27.07	26.31	80.85
-0.95	-0.12	0.27	187.46	15.64	39.72
-0.13	-0.93	0.35	261.77	20.46	38.21
0.11	0.57	0.82	79.14	54.71	30.83
0.74	-0.04	0.67	357.09	42.22	85.24
0.49	-0.81	0.33	301.38	19.20	45.33
0.90	0.01	0.44	0.47	26.08	45.15
-0.76	-0.36	0.53	205.50	32.07	26.18
0.56	0.82	0.08	55.61	4.74	61.85
0.34	0.31	0.89	41.70	62.58	28.14
-0.73	-0.12	0.68	189.75	42.57	76.42
0.92	0.30	0.26	17.84	14.93	39.05
-0.98	-0.17	0.12	189.71	6.77	80.87
0.96	-0.26	0.07	344.90	3.75	25.60
-0.27	0.26	0.93	136.28	68.13	71.82
0.94	-0.09	0.32	354.32	18.49	56.24
-0.63	0.70	0.35	132.09	20.23	71.31
-0.40	-0.88	0.27	245.42	15.52	56.45
0.77	0.07	0.64	5.26	39.55	58.89
-0.73	0.56	0.39	142.71	22.68	15.04
-0.71	-0.01	0.70	180.99	44.69	86.22
-0.85	0.50	0.19	149.55	11.04	72.70
-0.42	0.20	0.89	154.91	62.61	38.04
-0.47	0.17	0.86	160.45	59.77	15.86
0.89	-0.11	0.45	353.16	26.76	57.69
-0.79	-0.04	0.61	182.98	37.71	79.71
0.34	-0.01	0.94	359.05	69.94	34.59
-0.74	-0.14	0.66	190.57	41.56	74.86
-0.73	0.56	0.39	142.71	22.68	15.04
0.93	-0.16	0.33	350.07	19.32	9.99
-0.81	0.56	0.17	145.44	9.97	59.09
-0.87	0.30	0.40	160.98	23.72	14.35
0.99	0.10	0.09	5.63	5.26	78.81
-0.97	-0.23	0.01	193.45	0.48	55.50
0.03	-0.43	0.90	273.90	64.44	26.90
0.42	0.74	0.53	60.17	31.93	17.72
0.42	0.74	0.53	60.17	31.93	17.72
0.45	0.24	0.86	27.59	59.38	27.31
0.55	-0.37	0.75	325.73	48.42	95.20
0.55	-0.37	0.75	325.73	48.42	95.20
0.71	-0.69	0.14	316.01	7.96	53.23
-0.07	0.82	0.57	95.19	34.83	27.02
0.38	0.91	0.16	67.53	9.29	20.20
0.38	0.91	0.16	67.53	9.29	20.20
-0.76	0.62	0.19	140.50	11.01	50.99
-0.31	-0.92	0.23	251.22	13.20	61.86
0.11	0.76	0.64	81.97	40.12	23.85
0.11	0.76	0.64	81.97	40.12	23.85
0.99	-0.09	0.11	354.74	6.14	71.07
-0.95	-0.01	0.31	180.79	17.80	64.25
-0.00	-0.84	0.54	269.91	32.98	86.18
0.44	-0.83	0.34	298.15	19.68	80.77
-0.08	-0.64	0.77	262.80	49.93	96.47
0.80	-0.25	0.55	342.49	33.50	82.23
0.80	-0.25	0.55	342.49	33.50	82.23
-0.79	-0.61	0.08	217.47	4.83	70.91
-0.89	-0.14	0.43	189.03	25.43	43.68
0.58	0.05	0.81	5.41	54.38	52.56
-0.21	0.97	0.09	102.42	5.19	70.69
0.58	-0.22	0.78	339.10	51.29	62.86
0.58	-0.22	0.78	339.10	51.29	62.86
-0.18	0.28	0.94	123.64	70.65	12.29
1.00	0.04	0.07	2.30	3.74	60.13
-0.59	0.69	0.43	130.50	25.16	81.39
0.98	0.21	0.01	12.07	0.81	74.82
0.59	-0.23	0.77	338.56	50.75	40.66
0.87	-0.02	0.49	358.95	29.03	47.03
0.59	0.08	0.80	7.39	53.46	74.25
0.59	0.08	0.80	7.39	53.46	74.25
0.12	-0.17	0.98	304.81	78.26	36.75
-0.11	0.78	0.61	97.98	37.71	11.91
-0.11	0.78	0.61	97.98	37.71	11.91
-0.07	-0.37	0.93	259.60	68.14	48.96
0.27	-0.88	0.38	287.15	22.18	69.55
0.71	-0.56	0.42	321.56	25.09	45.13
-0.11	0.27	0.96	113.11	72.98	43.47
-0.56	0.80	0.21	124.72	11.99	36.53
0.99	0.11	0.00	6.50	0.25	39.00
0.44	-0.89	0.16	296.16	9.01	11.65
0.91	0.08	0.40	5.23	23.76	50.78
-0.76	0.64	0.11	139.95	6.23	17.93
-0.99	0.11	0.12	173.39	6.72	52.83
-0.99	0.11	0.12	173.39	6.72	52.83
1.00	0.04	0.07	2.30	3.74	60.13
0.66	-0.75	0.02	311.62	1.19	28.73
-0.83	0.41	0.37	154.02	21.88	74.45
0.57	-0.50	0.65	318.76	40.88	90.37
-0.13	-0.49	0.86	255.60	59.30	82.93
-0.13	-0.49	0.86	255.60	59.30	82.93
0.28	-0.90	0.34	287.19	20.02	74.51
0.66	0.09	0.75	7.73	48.56	98.25
0.57	-0.19	0.80	340.98	53.25	97.29
0.53	-0.77	0.36	304.33	21.27	58.39
0.53	-0.77	0.36	304.33	21.27	58.39
-0.77	0.10	0.63	172.51	39.22	45.88
0.63	0.07	0.77	6.15	50.65	33.87
0.35	-0.49	0.80	305.49	52.99	66.06
0.26	-0.10	0.96	339.15	73.82	50.36
0.26	-0.10	0.96	339.15	73.82	50.36
0.31	-0.67	0.67	295.10	42.20	64.46
0.91	0.41	0.06	23.93	3.28	36.73
0.44	0.15	0.88	18.68	62.11	58.56
-0.97	0.13	0.21	172.47	11.92	47.52
0.82	-0.11	0.57	352.29	34.50	72.35
-0.74	-0.55	0.37	216.57	21.99	64.02
0.73	0.40	0.55	28.86	33.41	41.44
-0.85	-0.36	0.39	202.84	23.07	36.49
-0.94	-0.06	0.34	183.81	19.67	37.01
-0.66	-0.67	0.34	225.30	19.71	39.23
0.44	-0.87	0.22	297.11	12.76	13.92
0.81	-0.14	0.57	349.97	34.54	9.90
0.97	0.22	0.10	12.76	5.53	82.66
-0.82	0.33	0.46	157.90	27.33	32.04
-0.83	0.17	0.54	168.50	32.52	77.06
0.97	-0.23	0.05	346.94	2.94	55.49
-0.54	-0.78	0.31	235.64	18.06	58.92
0.68	-0.56	0.48	320.78	28.58	57.32
0.64	0.69	0.34	47.55	19.68	51.09
0.06	0.61	0.79	84.06	52.39	25.19
0.39	-0.43	0.82	312.29	54.63	49.56
0.33	-0.66	0.67	296.68	42.12	17.01
-0.85	0.51	0.12	149.03	6.86	67.21
-0.33	0.89	0.30	110.49	17.55	29.73
-0.31	-0.33	0.89	226.01	63.12	58.22
-0.06	-0.19	0.98	251.89	78.52	62.31
-0.92	-0.25	0.31	195.18	17.95	61.08
-0.46	0.87	0.19	117.89	10.70	42.57
-0.21	-0.88	0.42	256.43	24.72	57.80
0.86	-0.40	0.32	334.77	18.95	24.24
0.84	-0.52	0.15	328.53	8.64	57.05
-0.13	-0.78	0.62	260.19	38.10	42.20
-0.26	0.84	0.47	107.28	27.82	17.57
0.67	-0.74	0.06	311.87	3.30	35.29
-0.06	-0.19	0.98	251.89	78.52	62.31
-0.69	0.63	0.35	137.35	20.75	35.16
-0.06	-0.29	0.95	258.14	72.50	81.95
-0.06	-0.29	0.95	258.31	72.51	81.99
-0.31	-0.33	0.89	226.01	63.12	58.22
0.95	0.17	0.27	10.04	15.77	66.69
0.80	0.58	0.14	36.01	8.20	69.96
-0.06	-0.29	0.95	258.31	72.51	81.99
-0.75	-0.61	0.25	218.76	14.60	51.40
-0.75	-0.61	0.25	218.76	14.60	51.40
-0.06	-0.19	0.98	251.89	78.52	62.31
-0.06	-0.29	0.95	258.31	72.51	81.99
-0.31	-0.33	0.89	226.01	63.12	58.22
0.69	0.73	0.03	46.62	1.62	68.59
0.69	0.73	0.03	46.62	1.62	68.59
0.61	-0.13	0.78	347.60	51.38	38.85
-0.75	-0.63	0.21	219.85	12.13	25.93
0.77	-0.62	0.17	321.29	10.04	91.28
0.24	-0.91	0.34	284.69	19.94	18.42
0.94	0.34	0.08	20.08	4.79	66.69
-0.53	-0.12	0.84	193.16	56.78	59.93
-0.01	-0.58	0.81	269.41	54.53	71.00
0.44	0.62	0.65	55.00	40.62	59.04
0.77	-0.10	0.63	352.59	39.40	52.21
-0.06	-0.29	0.95	258.32	72.47	82.02
0.02	-1.00	0.07	271.38	3.85	42.87
-0.06	-0.29	0.95	258.32	72.47	82.02
-0.06	-0.30	0.95	258.80	72.35	82.13
-0.06	-0.30	0.95	258.80	72.35	82.13
-0.06	-0.29	0.95	258.32	72.47	82.02
-0.06	-0.29	0.95	258.32	72.47	82.02
0.78	-0.42	0.46	331.64	27.15	82.93
0.86	-0.31	0.42	340.27	24.72	44.71
0.92	-0.32	0.22	340.73	12.59	75.11
0.92	-0.32	0.22	340.73	12.59	75.11
0.03	-0.83	0.56	272.36	34.08	30.08
0.12	-0.37	0.92	288.12	66.98	43.76
0.97	-0.08	0.22	355.22	12.49	69.46
-0.06	-0.19	0.98	251.89	78.52	62.31
-0.90	0.12	0.42	172.45	24.69	71.08
-0.42	-0.91	0.03	244.97	1.94	24.78
-0.98	0.03	0.17	178.18	9.78	36.88
-0.87	0.01	0.49	179.08	29.51	24.94
-0.22	0.96	0.20	102.75	11.36	17.95
0.58	-0.73	0.35	308.42	20.42	59.75
0.58	-0.73	0.35	308.42	20.42	59.75
0.43	0.90	0.01	64.46	0.34	39.43
0.21	-0.73	0.65	286.33	40.28	13.55
-0.13	-0.85	0.51	261.28	30.44	17.12
-0.13	-0.85	0.51	261.28	30.44	17.12
-0.26	0.67	0.70	110.98	44.42	50.88
-0.24	0.80	0.55	106.54	33.04	59.45
0.75	0.44	0.49	30.15	29.22	65.75
-0.83	0.39	0.39	155.01	23.09	66.45
-0.79	-0.14	0.60	190.05	36.87	76.32
-0.09	0.05	1.00	151.54	84.38	52.10
-0.16	0.31	0.94	117.34	69.53	22.88
0.24	-0.51	0.83	295.61	55.82	47.87
0.02	-0.33	0.94	272.81	70.72	63.73
-0.18	0.22	0.96	128.84	73.29	5.93
-0.18	0.22	0.96	128.84	73.29	5.93
0.83	-0.40	0.40	334.40	23.49	81.90
0.83	-0.40	0.40	334.40	23.49	81.90
-0.23	-0.92	0.30	255.78	17.67	43.18
0.47	-0.85	0.23	299.16	13.57	67.69
-0.89	-0.40	0.23	204.01	13.59	27.34
-0.74	-0.67	0.07	222.37	4.04	48.59
0.93	-0.31	0.19	341.66	10.88	60.54
-0.57	0.60	0.57	133.34	34.41	56.93
0.50	0.76	0.42	56.64	24.90	35.30
0.38	-0.51	0.77	306.53	50.73	29.84
-0.06	-0.29	0.95	258.33	72.56	82.02
0.48	-0.58	0.66	310.11	41.19	38.49
0.94	-0.26	0.23	344.43	13.53	22.42
0.39	-0.89	0.25	293.53	14.48	92.88
-0.31	0.87	0.38	109.80	22.59	75.24
-0.09	-0.96	0.27	264.38	15.70	60.11
-0.07	0.45	0.89	98.40	63.11	60.94
0.90	0.22	0.38	13.67	22.17	35.11
0.80	-0.43	0.43	331.91	25.28	35.50
0.28	0.76	0.59	69.62	36.28	50.86
-0.67	0.55	0.50	140.38	29.69	64.48
0.73	0.46	0.50	32.30	29.83	32.60
-0.79	-0.14	0.60	190.05	36.87	76.32
-0.49	-0.84	0.23	239.91	13.19	61.19
-0.49	-0.84	0.23	239.91	13.19	61.19
0.60	-0.80	0.00	306.91	0.20	57.28
0.02	-0.33	0.94	272.81	70.72	63.73
0.02	-0.33	0.94	272.81	70.72	63.73
0.96	-0.15	0.22	351.25	12.99	50.69
0.35	0.33	0.88	42.97	61.12	67.21
-0.22	0.40	0.89	118.54	63.01	56.66
-0.26	0.96	0.03	105.23	1.75	66.74
0.62	-0.01	0.78	359.49	51.32	79.98
0.83	0.36	0.43	23.13	25.25	82.19
0.62	0.58	0.52	42.82	31.57	72.19
-0.23	-0.97	0.05	256.89	3.04	37.79
0.40	-0.77	0.49	297.59	29.11	90.20
0.40	-0.77	0.49	297.59	29.11	90.20
-0.18	-0.95	0.25	259.58	14.69	48.20
-0.74	0.31	0.59	157.26	36.47	42.14
0.89	-0.44	0.09	333.74	5.29	45.76
-0.43	-0.86	0.27	243.38	15.95	49.03
0.64	0.05	0.77	4.63	50.21	11.23
-0.65	-0.50	0.57	217.32	34.90	24.94
0.63	-0.56	0.54	318.66	32.68	76.33
0.66	-0.66	0.36	315.19	20.80	49.24
0.75	-0.36	0.55	334.65	33.49	67.64
0.25	0.78	0.57	72.24	34.71	101.25
-0.32	-0.88	0.36	249.97	21.16	77.01
-0.25	-0.88	0.40	253.89	23.49	62.99
0.31	0.47	0.82	56.75	55.51	45.46
-0.49	0.67	0.56	126.16	34.21	32.41
0.53	0.79	0.30	56.39	17.52	30.00
0.42	0.85	0.33	63.62	19.04	61.53
0.92	0.39	0.06	22.84	3.33	63.59
-0.81	0.57	0.16	144.73	8.94	63.06
-0.53	0.57	0.63	132.96	38.97	35.40
-0.85	-0.36	0.39	203.29	22.77	52.23
-0.02	-0.51	0.86	267.70	59.11	44.17
0.76	-0.65	0.01	319.67	0.45	70.05
-0.60	0.47	0.64	141.73	40.10	65.15
-0.03	-0.40	0.92	266.15	66.59	26.30
-0.51	-0.70	0.49	233.69	29.57	78.60
0.16	0.78	0.60	78.38	36.76	43.97
0.30	-0.49	0.82	301.49	55.12	60.50
0.30	-0.49	0.82	301.49	55.12	60.50
0.57	-0.80	0.20	305.36	11.55	104.41
-0.46	0.16	0.88	160.46	61.07	58.50
0.88	-0.45	0.14	332.98	7.98	56.13
-0.86	-0.30	0.42	199.03	24.91	48.20
0.61	0.79	0.05	52.36	3.09	42.59
-0.45	-0.86	0.23	242.32	13.40	73.37
0.10	-0.01	1.00	352.02	84.29	13.48
0.98	-0.09	0.16	354.88	9.12	81.56
0.69	-0.70	0.18	314.50	10.49	79.49
0.23	0.89	0.39	75.63	22.96	54.47
0.88	-0.44	0.18	333.17	10.26	60.02
-0.52	-0.71	0.48	233.79	28.61	48.47
-0.86	-0.06	0.50	184.19	30.22	69.21
0.75	0.52	0.42	34.85	24.76	14.08
0.16	0.97	0.19	80.39	11.20	8.31
0.47	-0.85	0.23	299.16	13.57	67.69
0.98	-0.15	0.12	351.53	7.10	52.66
-0.56	-0.81	0.14	235.35	7.92	37.07
-0.55	0.61	0.57	132.33	34.71	35.86
0.02	-0.15	0.99	279.03	81.47	30.61
-0.79	-0.14	0.60	190.05	36.87	76.32
-0.72	0.54	0.44	143.38	26.13	60.38
-0.43	0.35	0.83	140.44	56.44	25.18
-0.32	0.94	0.07	108.97	4.02	51.43
0.49	-0.77	0.41	302.40	24.16	61.31
0.25	-0.11	0.96	335.42	74.27	58.73
0.77	-0.06	0.63	355.63	39.39	99.33
0.98	-0.14	0.15	351.92	8.88	64.67
-0.84	0.34	0.42	158.00	24.87	58.81
0.40	-0.86	0.32	294.71	18.55	52.49
-0.19	0.97	0.11	101.17	6.49	36.77
-0.37	-0.40	0.84	227.38	57.00	24.27
0.36	0.87	0.35	67.71	20.20	46.59
0.36	0.87	0.35	67.71	20.20	46.59
-0.48	-0.85	0.21	240.58	12.36	41.71
-0.28	-0.47	0.84	239.68	56.93	41.48
0.99	-0.17	0.03	350.36	1.79	41.63
0.07	-0.60	0.80	277.12	53.15	17.83
0.03	-0.33	0.95	274.53	70.91	63.92
0.71	-0.48	0.52	325.65	31.11	57.54
-0.49	-0.45	0.75	222.93	48.28	41.57
-0.23	-0.97	0.08	256.40	4.60	41.44
-0.30	0.73	0.62	112.28	38.26	16.45
-0.19	-0.38	0.91	243.07	64.86	44.20
0.33	-0.90	0.29	289.85	16.64	85.23
-0.48	-0.61	0.63	231.73	38.96	25.90
-0.07	-0.10	0.99	235.55	83.02	18.80
-0.78	-0.11	0.61	188.30	37.51	38.34
0.32	-0.66	0.68	295.50	42.87	28.74
0.33	-0.63	0.71	297.38	44.98	21.28
-0.35	-0.25	0.90	215.80	64.79	7.14
-0.26	-0.23	0.94	221.44	69.67	51.10
-0.99	-0.09	0.15	185.13	8.39	57.61
0.70	-0.05	0.71	355.60	45.17	20.95
0.08	-0.34	0.94	283.88	69.39	30.18
0.19	0.69	0.70	74.83	44.61	69.27
-0.57	-0.80	0.21	234.49	12.35	70.05
0.96	-0.25	0.14	345.13	7.96	44.82
0.53	-0.41	0.74	322.13	47.69	96.74
-0.31	0.49	0.81	122.47	54.38	20.84
-0.13	0.40	0.91	108.28	65.41	52.60
0.02	0.20	0.98	83.26	78.66	63.02
-0.27	-0.23	0.93	220.43	69.00	51.10
0.45	0.29	0.85	32.61	57.85	64.92
-0.29	0.15	0.95	152.72	71.21	57.46
-0.84	0.44	0.32	152.11	18.78	16.11
-0.65	0.51	0.57	141.98	34.77	50.35
-0.26	-0.29	0.92	228.55	67.33	45.89
0.67	0.05	0.74	4.37	47.97	11.22
0.95	-0.17	0.25	349.82	14.61	73.53
-0.20	-0.63	0.75	251.95	48.66	46.62
-0.96	0.20	0.19	168.50	11.17	37.85
0.25	0.28	0.93	48.72	68.03	22.51
0.72	-0.64	0.27	318.66	15.64	73.76
0.02	-0.71	0.70	271.60	44.66	22.68
-0.68	0.27	0.68	158.59	42.67	59.95
-0.68	0.27	0.68	158.59	42.67	59.95
-0.86	-0.51	0.02	210.77	1.32	34.02
0.60	0.01	0.80	0.80	53.03	83.33
0.75	0.14	0.64	10.30	39.99	90.11
0.01	-0.62	0.78	270.63	51.48	13.11
0.07	-0.81	0.58	274.79	35.79	9.79
0.99	-0.09	0.08	354.67	4.52	40.80
-0.52	-0.20	0.83	201.34	56.21	47.84
-0.43	0.84	0.33	117.36	19.15	21.79
-0.15	-0.82	0.55	259.54	33.26	61.26
-0.84	-0.08	0.53	185.50	31.96	82.30
0.84	-0.55	0.04	326.79	2.06	24.61
-0.50	0.18	0.85	160.55	57.82	67.79
-0.18	0.98	0.03	100.49	1.43	89.50
-0.96	-0.01	0.28	180.62	16.39	44.12
0.79	0.41	0.46	27.14	27.33	70.17
0.93	0.24	0.27	14.72	15.49	55.49
-0.36	0.90	0.23	111.78	13.08	41.76
-0.43	0.58	0.69	126.71	43.59	64.26
-0.28	0.80	0.52	109.26	31.53	38.52
0.76	0.29	0.58	20.59	35.41	11.76
-0.47	0.39	0.79	140.12	52.46	70.37
0.14	-0.42	0.90	288.58	63.77	15.19
-0.88	-0.32	0.35	200.07	20.48	63.82
-0.98	-0.18	0.12	190.52	7.00	61.90
-0.74	0.57	0.37	142.38	21.73	51.31
-0.44	-0.78	0.45	240.51	27.06	13.68
-0.46	0.70	0.55	123.39	33.14	51.79
-0.33	0.94	0.01	109.51	0.43	80.94
0.65	0.15	0.75	12.69	48.18	23.00
-0.92	0.23	0.33	166.16	18.99	59.46
-0.16	-0.78	0.61	258.62	37.63	81.86
-0.85	-0.49	0.17	210.04	9.90	21.96
-0.11	-0.74	0.67	261.74	41.76	68.07
-0.49	-0.73	0.47	236.16	28.29	14.95
0.09	0.99	0.11	84.75	6.25	35.92
-0.43	-0.37	0.82	220.13	55.46	40.16
0.18	0.98	0.04	79.77	2.05	38.89
0.70	0.66	0.27	43.18	15.45	36.80
0.99	-0.10	0.10	354.19	5.94	41.97
0.10	0.47	0.88	77.48	61.15	61.29
0.49	0.28	0.83	30.21	55.72	18.45
0.46	0.04	0.88	5.39	62.18	10.50
-0.65	-0.34	0.68	207.68	43.05	35.90
0.87	-0.19	0.45	347.81	26.51	48.88
-0.08	0.99	0.07	94.54	4.07	57.16
-0.25	0.89	0.38	105.42	22.06	64.87
0.98	0.03	0.22	1.73	12.47	37.13
0.55	0.83	0.08	56.53	4.55	80.16
-0.38	-0.92	0.01	247.51	0.40	13.85
-1.00	0.01	0.02	179.32	1.22	55.51
-0.11	0.85	0.51	97.54	30.57	70.44
-0.83	-0.32	0.45	201.34	27.04	18.45
-0.49	0.13	0.86	165.08	59.62	70.28
-0.99	0.15	0.09	171.52	4.90	74.76
0.41	0.10	0.91	13.97	65.31	82.45
-0.11	0.85	0.51	97.54	30.57	70.44
-0.23	0.95	0.19	103.76	11.03	56.40
0.78	0.40	0.49	26.92	29.26	71.58
0.94	0.11	0.31	6.77	18.12	54.08
0.94	-0.20	0.27	348.00	15.37	56.76
-0.86	0.22	0.47	165.46	27.88	37.99
0.38	0.40	0.83	46.37	56.41	10.98
-0.12	-0.54	0.83	257.01	56.42	51.61
0.54	-0.78	0.32	305.10	18.59	66.61
-1.00	0.06	0.03	176.45	1.58	31.35
-1.00	0.06	0.03	176.45	1.58	31.35
0.46	-0.70	0.55	303.07	33.41	62.99
0.19	-0.11	0.98	330.70	77.59	42.23
-0.94	0.30	0.16	162.44	9.16	46.97
0.80	-0.05	0.60	356.66	37.14	16.30
0.07	0.51	0.85	82.35	58.71	28.93
-0.58	-0.19	0.79	197.90	52.46	31.73
0.57	0.27	0.77	25.13	50.80	52.53
-0.43	-0.90	0.04	244.78	2.10	7.84
-0.19	-0.08	0.98	201.45	78.09	17.26
1.00	-0.03	0.01	358.24	0.38	57.55
-0.81	0.25	0.52	162.61	31.50	80.19
-0.64	0.35	0.69	151.04	43.36	67.45
0.33	-0.79	0.51	292.71	30.54	18.39
0.99	-0.05	0.12	357.04	7.03	63.38
-0.36	0.51	0.78	125.41	51.33	62.95
-0.94	-0.34	0.04	200.13	2.43	77.29
-0.94	-0.34	0.04	200.13	2.43	77.29
0.85	0.31	0.42	19.84	24.72	50.60
-0.71	-0.20	0.67	195.93	42.13	10.49
0.70	-0.10	0.71	352.19	45.43	14.77
0.60	-0.29	0.75	334.09	48.38	9.07
-0.82	0.52	0.24	147.72	13.90	54.91
-0.94	-0.34	0.05	199.66	2.96	34.13
0.86	0.47	0.18	28.72	10.40	68.49
-0.40	0.48	0.78	130.24	51.31	27.08
-0.52	-0.81	0.29	237.27	16.74	77.56
0.90	0.17	0.40	10.90	23.52	32.04
0.85	0.17	0.49	11.50	29.50	70.29
0.85	0.17	0.49	11.50	29.50	70.29
0.89	0.34	0.30	20.98	17.20	66.81
-0.23	-0.60	0.76	248.72	49.75	45.64
-0.87	-0.32	0.37	199.97	21.75	30.74
0.67	0.46	0.58	34.48	35.36	68.98
-0.10	0.97	0.23	96.14	13.41	49.27
0.70	-0.10	0.71	352.19	45.43	14.77
-0.99	0.13	0.04	172.45	2.34	52.58
-0.98	-0.18	0.06	190.10	3.29	24.28
0.78	0.50	0.38	32.80	22.62	45.38
-0.66	0.10	0.75	171.22	48.41	70.97
0.61	0.79	0.02	52.30	1.13	17.22
0.69	0.30	0.66	23.80	41.00	51.38
0.60	0.40	0.70	33.92	44.09	19.32
0.80	0.29	0.52	20.09	31.25	68.82
-0.40	-0.74	0.54	241.37	32.65	83.93
-0.53	0.60	0.60	131.77	36.58	35.28
-0.95	0.15	0.28	170.70	16.53	50.55
-0.21	0.30	0.93	124.50	68.77	45.01
-0.21	0.30	0.93	124.50	68.77	45.01
-0.80	0.45	0.40	150.63	23.72	79.04
0.58	0.63	0.51	47.30	30.88	59.92
-0.73	0.28	0.62	159.28	38.49	18.11
-0.78	-0.21	0.59	195.26	36.33	28.19
-0.36	0.41	0.84	131.51	56.92	79.19
0.35	0.80	0.48	66.28	28.69	47.93
-0.19	0.30	0.93	122.26	68.99	58.20
-0.83	0.47	0.29	150.27	16.81	65.13
-0.32	0.93	0.18	109.20	10.44	80.10
-0.88	-0.19	0.44	192.14	26.29	29.52
-0.82	-0.37	0.43	204.34	25.44	34.51
0.93	0.25	0.26	14.76	14.99	60.34
-0.36	-0.75	0.56	244.49	34.15	17.30
0.09	-0.86	0.49	275.93	29.66	38.19
-0.82	-0.50	0.27	211.33	15.43	70.46
-0.82	-0.50	0.27	211.33	15.43	70.46
0.30	-0.93	0.21	287.96	12.34	14.35
0.93	0.25	0.26	14.76	14.99	60.34
0.70	-0.41	0.59	329.21	35.86	46.23
-0.16	0.87	0.47	100.42	27.82	34.69
-0.90	-0.43	0.10	205.53	5.86	92.22
-0.20	-0.93	0.31	257.82	17.97	27.26
0.05	0.99	0.15	87.34	8.77	12.49
-0.34	-0.83	0.45	247.55	26.43	66.22
-0.40	0.24	0.88	149.19	62.18	14.99
0.90	0.43	0.12	25.60	6.82	24.73
-0.43	-0.79	0.44	241.20	26.06	89.77
-0.23	-0.42	0.88	241.16	61.63	68.86
-0.93	0.32	0.15	161.09	8.78	19.73
-0.56	-0.70	0.44	231.33	25.98	73.44
-0.72	0.47	0.51	146.97	30.50	52.14
-0.03	0.94	0.33	92.01	19.57	79.60
-0.03	0.94	0.33	92.01	19.57	79.60
0.41	-0.19	0.89	335.08	63.20	24.23
0.66	0.74	0.11	48.11	6.05	70.86
0.55	-0.64	0.54	310.98	32.42	30.18
0.43	-0.78	0.45	298.79	26.86	43.61
-0.84	-0.11	0.53	187.70	31.95	62.15
0.47	0.25	0.84	27.65	57.65	36.06
-0.25	0.14	0.96	150.80	73.07	27.81
0.47	-0.71	0.53	303.67	31.75	47.79
0.04	0.77	0.63	87.38	39.17	79.21
0.06	0.63	0.77	84.83	50.79	46.61
0.98	0.21	0.05	11.95	2.93	42.46
0.01	0.99	0.15	89.45	8.81	66.69
0.49	-0.83	0.26	300.42	14.94	68.27
-0.12	0.93	0.35	97.10	20.54	92.04
-0.36	-0.75	0.56	244.49	34.15	17.30
-0.96	0.15	0.24	171.28	13.73	41.72
0.74	0.47	0.48	32.46	28.73	43.34
0.09	0.61	0.79	81.61	52.00	37.12
0.05	0.88	0.48	86.50	28.47	30.76
-0.78	-0.21	0.59	195.26	36.33	28.19
0.48	0.07	0.88	7.80	61.10	10.24
0.48	0.07	0.88	7.80	61.10	10.24
-0.91	0.38	0.19	157.44	10.73	66.98
0.96	0.23	0.18	13.56	10.62	58.76
-0.57	-0.80	0.16	234.50	8.99	41.34
0.96	-0.07	0.26	356.00	14.90	53.84
-0.17	-0.73	0.67	256.97	41.69	41.53
0.64	0.40	0.66	31.74	41.32	73.98
0.15	0.89	0.43	80.30	25.63	96.56
-0.20	0.95	0.25	102.16	14.49	60.68
-0.20	0.95	0.25	102.16	14.49	60.68
-0.10	0.93	0.35	96.33	20.35	48.35
-0.83	-0.50	0.27	211.10	15.48	70.76
-0.83	-0.50	0.27	211.10	15.48	70.76
-0.10	-0.97	0.22	264.17	12.78	49.34
0.57	0.58	0.58	45.44	35.73	73.66
-0.06	0.91	0.42	93.49	24.53	74.46
0.09	0.69	0.72	82.65	46.10	65.43
0.86	0.28	0.42	18.24	24.96	23.68
-0.06	0.69	0.72	95.03	46.06	70.36
-0.53	0.48	0.70	138.06	44.35	74.84
-0.97	0.18	0.14	169.39	7.89	51.49
0.96	-0.07	0.26	356.00	14.90	53.84
-0.25	-0.67	0.70	249.65	44.36	8.92
0.10	0.41	0.91	76.18	65.02	39.17
0.05	0.17	0.98	73.96	79.66	77.13
0.39	0.22	0.89	29.65	63.08	36.01
0.85	-0.30	0.43	340.41	25.48	5.89
0.96	-0.10	0.26	354.14	15.25	59.47
0.91	-0.39	0.15	336.76	8.38	45.59
0.16	-0.78	0.60	281.75	36.94	84.14
-0.05	0.58	0.81	94.69	54.53	26.65
-0.33	-0.94	0.11	250.81	6.34	46.03
-0.33	-0.94	0.11	250.81	6.34	46.03
0.25	-0.96	0.13	284.51	7.30	54.40
-0.83	-0.08	0.56	185.35	33.98	19.05
-0.35	-0.86	0.38	247.74	22.34	71.84
-0.35	-0.86	0.38	247.74	22.34	71.84
-0.59	-0.39	0.71	214.00	45.06	42.41
0.33	-0.88	0.35	290.72	20.45	33.43
0.78	0.06	0.62	4.46	38.44	48.45
-0.57	0.82	0.00	124.64	0.12	74.09
-0.57	0.82	0.00	124.64	0.12	74.09
-0.68	-0.30	0.66	204.06	41.61	43.23
0.73	0.67	0.11	42.46	6.42	90.44
0.13	0.65	0.75	78.79	48.78	52.79
0.13	0.65	0.75	78.79	48.78	52.79
-0.52	0.77	0.37	123.83	21.81	75.96
-0.35	-0.48	0.80	233.39	53.55	44.31
0.37	0.52	0.77	55.12	50.28	91.39
0.37	-0.66	0.65	299.20	40.70	60.20
0.37	-0.66	0.65	299.20	40.70	60.20
0.64	-0.53	0.55	320.40	33.28	72.79
0.64	-0.53	0.55	320.40	33.28	72.79
-0.78	0.34	0.52	156.28	31.25	42.13
0.53	0.70	0.47	52.94	28.34	59.73
0.53	0.70	0.47	52.94	28.34	59.73
0.24	0.57	0.78	67.24	51.64	18.81
0.39	0.53	0.75	53.54	48.41	72.78
-0.38	0.56	0.74	124.13	47.65	18.51
-0.33	0.87	0.37	110.61	21.85	18.52
0.47	0.34	0.82	35.97	54.61	25.02
0.16	0.46	0.88	70.96	61.15	85.74
-0.50	-0.24	0.83	205.64	56.32	30.69
0.92	-0.16	0.35	350.00	20.47	51.17
-0.81	0.56	0.14	145.33	8.27	77.43
-0.85	0.17	0.50	168.70	29.72	87.57
-0.85	0.17	0.50	168.70	29.72	87.57
-0.05	0.99	0.10	93.08	5.64	44.57
-0.93	-0.32	0.15	198.94	8.75	31.60
-0.85	0.53	0.09	148.03	4.93	55.26
0.19	0.93	0.32	78.72	18.47	76.68
0.66	-0.09	0.75	352.40	48.53	87.93
0.41	0.20	0.89	26.18	63.17	73.66
0.77	0.37	0.52	25.41	31.05	92.96
0.91	0.17	0.37	10.79	21.85	79.12
-0.97	0.15	0.18	171.03	10.52	81.99
-0.65	0.52	0.55	141.19	33.50	24.22
-0.75	0.63	0.22	139.89	12.42	53.08
-0.75	0.63	0.22	139.89	12.42	53.08
0.99	0.02	0.15	1.35	8.86	84.50
-0.89	0.33	0.31	159.99	17.85	25.71
-0.52	-0.86	0.01	239.00	0.61	82.76
0.79	-0.60	0.14	322.92	8.31	77.74
-0.08	-0.59	0.80	262.03	53.57	63.86
0.24	0.94	0.23	75.94	13.36	61.97
0.22	0.74	0.64	73.75	39.71	16.10
-0.58	-0.03	0.82	183.35	54.79	63.52
-0.87	0.37	0.32	156.89	18.76	31.86
0.20	-0.97	0.14	281.55	8.09	51.92
0.27	0.92	0.28	73.94	16.19	56.74
0.25	-0.97	0.02	284.29	0.98	6.23
0.36	-0.83	0.42	293.61	24.63	52.91
-0.04	-0.73	0.68	266.69	42.87	59.41
-0.29	0.51	0.81	119.75	53.87	60.15
-0.39	-0.90	0.19	246.36	10.97	72.65
0.50	0.74	0.45	56.10	26.98	73.11
-0.45	0.55	0.71	129.27	45.02	37.25
0.05	0.93	0.36	87.15	21.04	61.54
0.05	0.93	0.36	87.15	21.04	61.54
0.07	0.86	0.51	85.54	30.58	20.70
0.95	0.30	0.06	17.32	3.35	30.42
-0.20	0.97	0.17	101.66	9.68	14.54
0.41	0.88	0.23	65.18	13.21	44.36
0.63	0.40	0.66	32.67	41.50	19.25
-0.73	0.42	0.54	150.43	32.70	8.93
0.25	0.70	0.66	70.61	41.66	51.54
0.98	-0.13	0.13	352.28	7.72	87.59
0.80	-0.60	0.03	323.07	1.53	14.77
-0.46	0.83	0.31	119.20	17.84	21.36
-0.13	0.32	0.94	112.67	69.92	24.47
1.00	-0.08	0.02	355.33	1.34	16.78
-0.55	-0.83	0.13	236.42	7.38	8.95
0.24	-0.30	0.92	307.94	67.47	32.59
0.67	-0.64	0.39	316.34	22.86	45.73
0.67	-0.64	0.39	316.34	22.86	45.73
0.40	-0.89	0.23	294.26	13.42	49.42
0.04	-0.36	0.93	276.08	68.54	78.44
0.54	-0.68	0.49	308.47	29.38	76.85
-0.11	0.83	0.54	97.63	32.72	13.83
0.79	0.07	0.61	5.28	37.91	111.85
0.09	-0.61	0.79	278.02	51.97	79.40
-0.49	-0.18	0.85	200.56	58.51	69.99
-0.75	0.48	0.45	147.58	26.72	15.87
-0.98	-0.03	0.20	181.81	11.72	43.22
-0.24	0.13	0.96	151.07	74.17	10.52
-0.55	-0.20	0.81	200.00	54.26	60.52
-0.09	-0.31	0.95	253.03	71.23	46.96
0.61	0.69	0.38	48.29	22.55	72.76
-0.51	-0.06	0.86	186.35	59.16	9.93
0.58	0.65	0.49	48.29	29.61	66.08
-0.85	0.51	0.12	149.06	6.65	77.16
-0.22	-0.98	0.01	257.39	0.31	61.63
0.51	0.80	0.31	57.64	18.29	18.78
0.24	0.55	0.80	66.67	53.11	37.29
0.24	0.55	0.80	66.67	53.11	37.29
0.97	-0.16	0.18	350.49	10.30	44.95
-0.89	-0.12	0.44	187.41	26.16	42.56
0.47	-0.87	0.17	298.39	9.78	15.29
0.25	-0.88	0.41	285.66	24.35	13.18
0.04	-0.94	0.35	272.38	20.24	22.86
0.82	-0.22	0.52	345.20	31.43	53.13
0.55	-0.62	0.56	311.39	33.79	68.74
-0.46	-0.11	0.88	192.86	61.69	64.75
0.34	-0.94	0.02	290.01	1.13	21.68
-0.77	0.57	0.31	143.50	17.83	36.04
-0.89	-0.40	0.20	204.20	11.51	58.08
0.50	0.85	0.20	59.64	11.43	23.71
-0.89	-0.45	0.08	206.80	4.57	66.73
-0.47	-0.72	0.51	236.88	30.97	83.75
-0.30	0.83	0.46	109.53	27.69	10.94
-0.50	-0.75	0.44	236.15	26.08	93.42
-0.04	-0.95	0.31	267.67	18.33	45.82
-0.82	0.56	0.10	146.01	5.94	27.63
-0.16	-0.87	0.47	259.43	27.74	37.83
0.20	-0.69	0.69	286.16	43.97	79.73
-0.90	-0.14	0.42	189.03	24.73	31.40
-0.92	-0.37	0.08	201.93	4.41	55.15
-0.89	-0.37	0.26	202.53	15.13	25.52
0.68	-0.35	0.64	333.15	40.08	48.55
0.67	-0.61	0.42	317.91	24.61	52.14
-0.93	-0.36	0.02	201.35	1.21	55.18
0.39	0.42	0.82	47.30	55.40	59.86
-0.02	0.01	1.00	163.87	88.83	68.48
0.24	0.86	0.44	74.51	26.42	27.30
0.24	0.86	0.44	74.51	26.42	27.30
-0.34	-0.83	0.44	247.47	26.13	58.77
0.41	0.08	0.91	10.57	65.53	45.08
0.12	0.75	0.65	80.79	40.91	65.39
-0.59	0.77	0.26	127.57	15.05	31.61
0.69	0.72	0.05	45.91	3.06	19.81
0.69	0.72	0.05	45.91	3.06	19.81
-0.86	-0.22	0.47	194.14	28.08	16.78
-0.83	0.55	0.08	146.42	4.51	28.09
0.38	0.41	0.83	46.78	55.90	60.48
-0.76	-0.52	0.38	214.19	22.60	27.73
-0.01	0.37	0.93	91.28	68.25	82.04
-0.52	0.80	0.30	122.92	17.68	29.30
0.72	-0.62	0.32	319.26	18.61	14.66
-0.21	0.81	0.55	104.53	33.13	79.88
0.21	0.35	0.91	59.31	65.71	48.72
0.75	0.51	0.43	34.23	25.29	57.41
0.73	0.66	0.19	42.11	10.78	78.51
0.60	0.57	0.56	43.35	33.96	61.35
0.09	0.62	0.78	81.94	50.89	55.39
0.19	-0.94	0.29	281.31	16.60	29.33
-0.27	-0.92	0.30	253.66	17.34	19.48
0.54	0.29	0.79	28.50	52.23	48.53
0.39	0.91	0.13	66.55	7.41	40.31
0.65	0.12	0.75	10.09	48.55	12.50
-0.05	-0.09	0.99	242.17	83.93	52.20
0.48	-0.35	0.81	323.94	53.91	54.27
-0.65	0.63	0.43	136.03	25.17	51.18
-0.69	0.67	0.29	135.79	16.85	27.56
0.99	0.02	0.14	1.00	8.17	28.18
0.26	-0.95	0.20	285.27	11.45	37.79
-0.43	-0.22	0.88	207.31	61.30	34.50
-0.04	-0.60	0.80	265.78	52.70	52.83
-0.04	-0.60	0.80	265.78	52.70	52.83
-0.26	0.03	0.97	173.20	74.82	10.66
-0.89	-0.42	0.19	205.06	11.12	58.71
0.60	0.40	0.70	33.63	44.16	79.39
0.00	0.70	0.72	89.73	45.94	54.19
1.00	-0.00	0.00	359.92	0.03	45.83
-0.44	-0.82	0.37	241.52	21.83	61.47
-0.98	0.11	0.19	173.48	10.81	18.37
0.01	-0.95	0.32	270.82	18.63	73.49
0.78	-0.52	0.36	326.51	20.95	74.33
-0.90	0.37	0.25	157.50	14.32	58.86
0.86	0.48	0.14	29.24	7.78	63.62
-0.86	-0.33	0.39	200.99	22.67	53.70
-0.86	-0.33	0.39	200.99	22.67	53.70
-0.16	0.92	0.36	99.90	21.27	52.46
0.30	-0.43	0.85	305.20	58.51	46.52
0.30	-0.43	0.85	305.20	58.51	46.52
0.32	-0.77	0.56	292.63	33.86	89.45
0.78	-0.52	0.36	326.51	20.95	74.33
-0.19	0.83	0.52	102.85	31.34	38.13
0.56	0.75	0.36	53.30	20.83	21.13
0.26	-0.97	0.05	284.92	2.73	16.37
0.26	-0.97	0.05	284.92	2.73	16.37
-0.70	0.51	0.50	143.72	30.16	32.99
0.56	0.74	0.38	53.06	22.48	37.83
0.59	-0.56	0.58	316.56	35.37	61.33
0.81	-0.16	0.56	348.54	34.19	64.43
0.21	0.98	0.03	78.00	1.83	58.73
0.88	-0.31	0.36	340.36	21.06	63.84
0.94	-0.35	0.06	339.52	3.19	69.92
-0.99	0.15	0.08	171.45	4.58	79.71
-0.60	0.67	0.44	131.52	26.08	59.10
-0.99	0.10	0.04	174.25	2.49	66.06
-0.55	-0.83	0.04	236.44	2.32	26.39
0.03	0.67	0.74	87.56	47.94	100.51
-0.16	0.98	0.09	98.95	4.95	78.46
-0.40	-0.61	0.69	236.52	43.46	70.49
0.60	0.60	0.53	44.75	31.83	24.30
-0.97	-0.06	0.24	183.43	13.68	37.71
-0.97	-0.06	0.24	183.43	13.68	37.71
0.45	0.79	0.43	60.27	25.20	70.82
-1.00	0.10	0.02	174.45	1.30	65.97
-0.88	0.46	0.12	152.29	6.85	14.71
0.67	0.74	0.07	47.99	4.20	21.62
0.67	0.74	0.07	47.99	4.20	21.62
-0.80	-0.59	0.16	216.38	9.01	45.33
-0.71	-0.40	0.59	209.48	35.91	69.07
-0.19	-0.73	0.65	255.15	40.53	97.15
0.60	-0.77	0.20	308.08	11.80	46.89
0.74	-0.17	0.65	346.65	40.88	56.29
0.62	-0.23	0.75	339.51	48.82	61.62
-0.12	-0.99	0.09	263.26	5.10	62.01
0.22	-0.84	0.49	285.00	29.65	48.30
0.80	0.56	0.23	34.87	13.38	32.19
-0.55	-0.54	0.63	224.33	39.31	31.38
0.11	0.98	0.14	83.80	8.00	15.57
-0.74	-0.52	0.43	215.15	25.30	76.28
-0.79	0.01	0.62	178.99	38.22	58.54
-0.86	0.49	0.14	150.35	8.12	14.74
-0.56	0.62	0.55	132.06	33.44	30.70
-0.56	0.62	0.55	132.06	33.44	30.70
-0.74	-0.18	0.65	193.66	40.56	48.04
-0.90	0.44	0.09	153.96	4.88	14.24
0.58	-0.21	0.79	340.42	52.15	59.63
-0.44	0.27	0.85	148.42	58.60	12.12
0.52	-0.01	0.85	359.42	58.41	62.52
-0.04	0.98	0.19	92.45	10.86	19.69
0.62	0.69	0.37	48.11	21.45	55.37
-0.09	0.03	1.00	162.20	84.55	50.55
-0.97	0.14	0.22	172.00	12.94	75.56
0.74	0.50	0.44	34.01	26.08	58.17
-0.05	-0.08	1.00	239.36	84.43	53.17
-0.48	0.85	0.22	119.16	12.74	62.47
-0.75	-0.43	0.50	209.66	29.71	69.01
-0.68	-0.04	0.73	183.44	47.17	50.11
-0.78	0.02	0.63	178.69	38.77	58.51
-0.86	0.39	0.32	155.38	18.58	29.42
0.08	0.50	0.86	81.16	59.29	18.91
0.47	-0.54	0.70	310.67	44.41	71.28
0.61	-0.63	0.48	314.14	28.44	66.44
0.61	-0.63	0.48	314.14	28.44	66.44
-0.17	0.99	0.01	99.81	0.72	29.88
0.09	-0.92	0.39	275.48	23.04	27.92
0.69	-0.50	0.51	324.11	30.96	73.55
-0.05	-0.75	0.66	266.35	41.30	94.49
-0.11	-0.52	0.85	257.92	57.84	53.15
0.28	0.37	0.89	52.65	62.51	75.35
0.28	0.37	0.89	52.65	62.51	75.35
0.28	0.37	0.89	52.65	62.51	75.35
0.23	-0.22	0.95	316.72	71.51	89.58
0.61	-0.02	0.79	357.79	52.51	58.54
-0.70	-0.50	0.51	215.53	30.86	78.20
0.03	-0.99	0.13	272.01	7.51	38.07
-0.75	0.65	0.13	139.21	7.71	41.18
0.97	-0.22	0.12	347.29	6.99	13.58
-0.31	0.13	0.94	157.68	70.46	67.66
0.54	0.84	0.08	57.11	4.46	75.36
-0.40	0.76	0.51	117.95	30.73	24.23
-1.00	-0.02	0.01	180.87	0.85	77.35
-0.94	0.33	0.11	160.31	6.36	83.27
0.62	0.69	0.37	48.11	21.45	55.37
0.18	-0.34	0.92	297.74	67.35	47.89
-0.13	-0.33	0.94	248.58	69.31	46.58
-0.47	-0.40	0.79	220.06	52.11	89.26
-0.86	0.40	0.32	155.24	18.74	75.06
0.46	-0.48	0.74	313.83	48.02	18.84
-0.37	-0.86	0.35	247.09	20.23	41.17
0.86	0.31	0.40	19.92	23.77	72.12
-0.99	-0.09	0.09	185.35	5.32	68.75
-0.64	0.65	0.40	134.61	23.87	50.19
-0.47	-0.56	0.68	230.38	43.04	42.15
-0.04	-0.46	0.89	264.37	62.70	47.13
-0.63	-0.54	0.57	220.48	34.45	45.06
0.70	-0.31	0.64	335.69	40.16	75.13
0.79	-0.55	0.27	325.45	15.73	30.90
-0.09	0.83	0.55	96.13	33.05	80.07
-0.09	0.98	0.20	95.16	11.64	50.28
0.26	-0.94	0.22	285.27	12.56	94.15
0.94	0.21	0.28	12.87	16.44	54.56
0.94	0.21	0.28	12.87	16.44	54.56
0.68	0.43	0.59	32.35	36.03	53.13
-0.94	-0.15	0.31	189.00	18.05	50.57
0.88	-0.42	0.21	334.59	11.93	33.20
-0.72	0.01	0.69	179.11	43.87	71.55
-0.84	0.28	0.46	161.79	27.44	48.26
-0.84	0.28	0.46	161.79	27.44	48.26
-0.86	0.36	0.36	157.52	21.00	22.25
-0.86	0.36	0.36	157.52	21.00	22.25
-0.98	-0.10	0.19	186.00	10.69	65.60
-0.71	-0.56	0.42	218.06	24.98	88.70
0.73	0.39	0.56	28.53	34.29	56.85
0.73	0.39	0.56	28.53	34.29	56.85
0.82	0.34	0.45	22.69	26.83	66.83
-0.92	-0.04	0.40	182.39	23.44	9.97
0.07	-0.27	0.96	284.55	73.61	42.40
0.07	-0.27	0.96	284.55	73.61	42.40
-0.83	0.56	0.06	145.92	3.33	19.02
0.24	0.90	0.37	75.21	21.69	40.87
-0.33	0.48	0.81	124.05	54.19	37.58
-0.23	-0.42	0.88	241.08	61.06	58.35
-0.23	-0.42	0.88	241.08	61.06	58.35
0.65	-0.73	0.21	311.41	12.14	70.16
0.65	-0.73	0.21	311.41	12.14	70.16
-0.69	0.33	0.65	154.51	40.58	65.04
-0.03	-1.00	0.04	268.43	2.46	11.10
-0.79	0.32	0.53	157.88	31.95	80.78
0.17	0.28	0.94	58.94	70.86	9.14
0.03	-0.68	0.74	272.65	47.41	12.53
0.24	0.75	0.62	72.50	38.56	71.39
-0.02	0.78	0.62	91.19	38.58	103.31
0.25	-0.96	0.14	284.36	8.25	58.55
0.13	0.97	0.22	82.28	12.96	40.11
-0.87	0.27	0.40	162.78	23.85	82.48
-0.89	0.32	0.33	160.27	19.29	34.44
-0.23	-0.96	0.13	256.30	7.23	53.88
0.79	0.54	0.30	34.17	17.72	57.45
0.54	0.61	0.58	48.38	35.20	67.23
-0.93	0.14	0.33	171.30	19.48	76.23
0.99	0.10	0.13	5.89	7.59	76.09
0.47	-0.09	0.88	348.76	61.46	62.72
-0.97	0.11	0.22	173.51	12.44	28.40
-0.89	0.34	0.30	159.35	17.60	85.84
0.31	-0.73	0.60	293.06	37.04	19.78
0.18	0.63	0.76	74.15	49.09	77.01
0.32	-0.80	0.50	291.58	30.15	40.89
0.26	-0.70	0.67	290.35	41.69	44.48
0.12	-0.97	0.19	277.23	11.24	9.99
-0.35	0.81	0.47	113.32	28.20	25.85
0.98	0.11	0.14	6.55	7.76	42.81
0.71	0.54	0.44	37.31	26.07	20.30
0.55	0.66	0.51	50.06	30.84	62.75
0.63	-0.14	0.76	347.59	49.71	6.66
-0.90	0.19	0.40	168.02	23.66	74.10
-0.48	-0.82	0.29	239.57	17.08	22.88
-0.27	0.87	0.41	107.50	24.04	17.87
0.98	-0.21	0.04	347.88	2.43	22.19
-0.58	0.23	0.78	158.08	51.01	16.40
-0.58	0.65	0.49	132.09	29.37	20.42
-0.57	0.04	0.82	175.59	54.85	28.31
0.99	0.05	0.15	3.11	8.86	80.69
0.03	-0.85	0.52	272.31	31.55	47.90
-0.65	-0.54	0.53	219.76	32.02	63.12
0.41	-0.40	0.82	316.20	55.10	19.84
0.09	0.80	0.60	83.56	36.67	8.18
-0.44	0.39	0.81	138.36	54.30	78.62
-0.42	-0.66	0.62	237.56	38.49	55.63
-0.53	-0.73	0.43	234.10	25.31	48.12
-0.16	-0.83	0.53	259.25	31.99	68.17
-1.00	0.03	0.06	178.10	3.43	68.08
0.40	-0.84	0.38	295.39	22.42	59.71
0.06	-0.96	0.26	273.70	14.97	49.95
0.69	-0.14	0.71	348.71	44.97	97.11
-0.07	0.32	0.94	102.39	70.78	58.18
-0.32	-0.86	0.41	249.52	23.94	42.49
0.31	-0.73	0.60	293.06	37.04	19.78
-0.72	0.70	0.01	135.68	0.51	25.55
0.12	0.24	0.96	63.17	74.19	26.95
0.02	-0.07	1.00	284.15	85.82	67.03
0.14	0.50	0.86	74.40	59.04	64.84
-0.48	0.17	0.86	160.98	59.31	76.38
-0.48	0.17	0.86	160.98	59.31	76.38
-0.48	0.17	0.86	160.98	59.31	76.38
-0.13	0.54	0.83	103.72	56.43	51.33
0.99	0.10	0.13	5.89	7.59	76.09
-0.23	0.72	0.65	107.86	40.72	36.64
0.87	0.11	0.48	7.01	28.91	66.03
0.99	-0.01	0.14	359.18	8.16	48.52
-0.29	0.57	0.77	116.67	49.95	8.78
-0.42	-0.42	0.80	225.02	53.11	45.80
-0.56	-0.58	0.59	225.82	36.41	43.20
-0.56	-0.58	0.59	225.82	36.41	43.20
-0.07	0.49	0.87	98.00	60.54	47.23
0.01	-0.27	0.96	272.48	74.31	18.07
-0.66	-0.22	0.71	198.21	45.61	41.98
-0.90	0.06	0.43	176.21	25.70	55.62
-0.90	0.06	0.43	176.21	25.70	55.62
0.55	0.60	0.58	47.52	35.52	72.18
-0.65	0.32	0.69	153.58	43.45	78.12
0.80	-0.08	0.60	354.26	36.72	75.65
0.95	-0.24	0.18	345.99	10.50	44.37
-0.88	0.07	0.46	175.44	27.48	77.89
-0.88	0.07	0.46	175.44	27.48	77.89
-0.83	-0.15	0.54	189.96	32.54	70.55
-0.71	-0.37	0.60	207.38	36.63	27.17
-1.00	0.05	0.05	176.87	2.97	26.18
0.54	0.23	0.81	22.70	54.03	98.37
0.80	-0.08	0.60	354.26	36.72	75.65
0.46	-0.69	0.56	303.76	34.30	72.94
0.28	-0.78	0.56	290.08	34.17	42.54
0.50	0.86	0.07	59.87	4.20	45.86
-0.35	0.24	0.90	145.07	64.75	60.27
-0.35	0.24	0.90	145.07	64.75	60.27
0.77	0.01	0.64	0.54	39.49	79.16
0.78	0.54	0.33	34.48	19.00	82.10
0.45	-0.88	0.11	297.12	6.18	58.14
0.75	0.61	0.27	39.14	15.55	69.53
-0.03	-0.97	0.25	268.50	14.62	55.59
-0.73	-0.23	0.65	197.46	40.18	23.37
1.00	0.06	0.04	3.55	2.25	82.26
-0.66	-0.23	0.72	198.96	45.95	41.95
0.26	-0.70	0.66	290.64	41.40	44.83
0.84	0.48	0.26	29.98	14.90	49.30
0.99	0.15	0.06	8.56	3.66	29.69
0.99	0.15	0.06	8.56	3.66	29.69
0.50	0.64	0.58	51.97	35.68	25.04
0.96	0.08	0.27	4.61	15.50	68.74
0.96	0.08	0.27	4.61	15.50	68.74
-0.77	0.29	0.57	159.39	34.53	11.97
0.38	-0.78	0.50	296.04	29.70	47.68
0.90	-0.40	0.18	336.08	10.12	7.29
0.00	-0.13	0.99	270.85	82.38	29.57
0.61	-0.79	0.05	307.70	2.98	29.64
0.52	-0.02	0.85	357.37	58.47	59.05
-0.62	0.77	0.13	129.01	7.64	19.88
-0.62	0.77	0.13	129.01	7.64	19.88
0.43	-0.79	0.44	298.67	25.80	88.53
0.50	-0.17	0.85	341.39	58.50	58.64
-0.18	-0.98	0.00	259.39	0.15	65.24
0.13	0.01	0.99	3.61	82.61	67.42
0.13	0.01	0.99	3.61	82.61	67.42
0.18	-0.08	0.98	335.68	78.42	69.82
0.07	-0.72	0.69	275.19	43.58	34.55
-0.71	0.70	0.01	135.40	0.47	25.97
-0.47	0.40	0.79	139.72	51.90	69.94
-0.61	0.25	0.76	157.83	49.21	37.44
-0.99	-0.17	0.00	189.85	0.11	32.70
1.00	-0.01	0.01	359.35	0.67	49.91
-0.76	0.49	0.42	146.97	25.04	41.62
0.02	-0.54	0.84	272.64	57.19	51.75
0.29	-0.92	0.26	287.51	14.94	39.62
-0.18	0.67	0.72	104.87	46.22	19.81
-0.40	0.73	0.55	118.75	33.29	59.80
0.06	0.64	0.77	84.56	50.23	59.03
0.86	0.10	0.50	6.60	29.88	66.39
0.02	-0.30	0.95	274.35	72.39	17.05
0.35	0.48	0.80	53.79	53.26	64.53
-0.65	-0.64	0.40	224.56	23.74	69.18
-0.27	0.77	0.58	109.58	35.13	50.22
-0.27	0.77	0.58	109.58	35.13	50.22
0.42	-0.37	0.83	318.77	56.15	11.38
-0.60	-0.59	0.54	224.74	32.87	73.26
0.88	-0.48	0.02	331.15	1.34	62.50
0.00	-0.35	0.94	270.64	69.68	54.04
-0.53	-0.74	0.41	234.18	23.97	27.93
0.92	0.12	0.38	7.27	22.03	58.44
0.97	-0.19	0.16	348.62	9.02	55.91
-0.56	0.65	0.51	130.54	30.62	15.92
-0.81	-0.31	0.50	201.33	30.16	32.37
0.04	-0.89	0.45	272.77	26.50	44.61
-0.33	-0.84	0.44	248.76	25.85	82.04
0.34	0.18	0.92	27.77	67.23	55.82
0.34	0.40	0.85	49.24	58.40	42.60
-0.89	-0.12	0.44	187.80	26.04	41.92
0.23	0.97	0.08	76.52	4.80	48.75
-0.35	-0.30	0.89	220.77	62.43	35.34
-0.62	0.63	0.47	134.54	28.01	42.35
0.57	0.20	0.80	19.23	53.02	62.38
-0.61	-0.24	0.76	201.48	49.40	25.03
0.70	0.40	0.59	30.05	36.07	61.85
-0.69	-0.67	0.26	224.14	15.20	17.87
0.54	0.29	0.79	28.41	52.29	36.11
-0.96	0.25	0.13	165.16	7.18	34.27
0.44	0.30	0.85	34.21	58.15	25.78
-0.06	0.09	0.99	124.39	83.75	18.51
0.85	-0.35	0.40	337.87	23.27	35.29
0.29	0.95	0.13	72.88	7.56	27.48
-0.70	0.55	0.46	141.52	27.13	30.92
-0.70	0.55	0.46	141.52	27.13	30.92
0.75	0.53	0.40	35.14	23.79	44.75
0.92	0.21	0.33	13.16	19.42	45.35
-0.70	0.61	0.37	138.57	21.92	41.78
-0.32	-0.71	0.63	245.28	39.02	20.74
0.53	0.72	0.44	53.70	26.38	39.28
-0.96	0.25	0.13	165.14	7.19	29.54
0.03	-0.64	0.77	272.49	50.07	33.06
0.74	-0.59	0.31	321.45	18.01	71.71
-0.96	0.25	0.13	165.16	7.18	34.27
-0.72	0.11	0.69	171.10	43.27	47.78
0.77	-0.39	0.51	332.98	30.78	38.71
-0.78	0.63	0.04	140.95	2.26	77.15
-0.58	-0.53	0.62	222.54	38.17	87.39
-0.23	-0.45	0.86	242.68	59.61	15.86
-0.69	-0.50	0.53	215.94	32.12	46.34
-0.74	-0.22	0.64	196.60	39.85	40.07
-0.64	0.25	0.73	158.61	46.84	73.83
0.76	-0.00	0.65	359.75	40.30	85.25
0.74	0.26	0.62	19.48	38.16	83.94
0.74	0.26	0.62	19.48	38.16	83.94
0.97	0.23	0.07	13.25	3.78	45.61
-0.38	0.91	0.19	112.56	11.05	31.33
0.49	0.48	0.73	44.43	46.49	64.62
0.49	0.48	0.73	44.43	46.49	64.62
0.71	0.00	0.70	0.06	44.39	25.89
0.57	0.48	0.66	40.04	41.58	60.03
0.21	0.14	0.97	33.99	75.31	72.53
0.16	-0.11	0.98	325.62	78.56	74.62
0.16	-0.11	0.98	325.62	78.56	74.62
-0.03	-0.83	0.56	267.83	33.73	57.90
-0.47	0.65	0.60	126.14	36.91	49.91
0.75	-0.03	0.66	357.52	41.65	89.19
0.74	0.58	0.36	38.06	20.91	66.22
-0.21	-0.38	0.90	240.54	64.09	45.69
0.36	0.76	0.54	64.54	32.56	110.34
-0.66	0.38	0.65	149.99	40.82	70.87
-0.66	0.38	0.65	149.99	40.82	70.87
-0.36	0.38	0.85	133.47	58.25	32.67
-0.32	0.57	0.75	118.89	49.02	75.63
-0.32	0.57	0.75	118.89	49.02	75.63
-0.45	0.74	0.50	121.70	30.15	60.88
0.23	-0.28	0.93	310.12	68.67	59.24
0.76	0.55	0.35	36.05	20.33	40.57
0.76	0.55	0.35	36.05	20.33	40.57
0.70	0.06	0.71	5.17	45.22	19.30
0.05	0.05	1.00	42.10	86.13	57.08
-0.09	0.39	0.92	103.26	66.32	26.42
0.19	0.82	0.54	76.79	32.75	20.35
0.19	0.82	0.54	76.79	32.75	20.35
0.03	0.94	0.34	88.47	19.70	44.47
0.59	0.81	0.02	53.65	0.90	46.17
-0.72	0.21	0.65	163.53	40.92	58.28
0.80	0.38	0.47	25.62	27.94	42.58
0.34	0.64	0.69	62.30	43.36	59.54
0.62	0.54	0.58	41.19	35.11	44.30
-0.45	0.07	0.89	171.31	62.60	52.61
0.02	0.98	0.21	88.81	12.20	77.68
0.02	0.98	0.21	88.81	12.20	77.68
0.67	0.73	0.11	47.69	6.48	50.57
0.91	0.26	0.31	16.07	17.82	24.22
-0.98	-0.08	0.15	184.82	8.81	22.89
-0.05	0.71	0.70	93.66	44.34	109.41
0.15	0.56	0.82	74.64	54.67	70.88
-0.15	-0.83	0.54	259.81	32.56	58.55
0.60	0.71	0.37	49.64	21.93	56.42
-0.00	-0.61	0.79	269.63	52.21	56.35
-0.14	-0.15	0.98	226.61	78.12	64.31
0.10	0.53	0.84	79.31	57.45	58.94
0.45	0.36	0.82	38.71	55.22	63.13
-0.06	0.70	0.71	94.91	45.19	70.21
-0.05	0.74	0.67	94.11	42.25	39.23
0.75	0.39	0.54	27.81	32.39	58.98
0.18	0.24	0.95	53.99	72.43	35.35
0.09	0.27	0.96	71.42	73.42	21.39
0.42	0.55	0.72	52.40	45.91	61.95
0.91	-0.06	0.42	356.24	24.91	51.02
0.07	0.63	0.78	83.33	50.93	75.54
-0.40	0.81	0.44	116.42	25.82	55.85
0.83	-0.37	0.42	336.02	24.66	27.74
0.38	-0.69	0.61	298.57	37.87	40.91
0.98	0.07	0.16	4.24	9.22	30.33
0.11	-0.49	0.87	282.35	59.95	24.27
0.96	0.27	0.07	15.84	4.21	54.69
0.52	0.31	0.80	30.75	52.97	22.28
0.59	-0.40	0.70	326.18	44.47	54.90
0.88	0.41	0.23	24.92	13.11	24.27
-0.83	0.55	0.13	146.59	7.58	9.07
-0.65	-0.63	0.42	224.12	24.82	74.01
0.04	1.00	0.02	87.80	0.92	44.42
0.04	1.00	0.02	87.80	0.92	44.42
0.04	1.00	0.02	87.80	0.92	44.42
-0.97	-0.10	0.21	185.65	12.02	54.97
-0.83	-0.32	0.46	201.25	27.24	29.79
-0.76	0.51	0.40	146.15	23.69	76.54
0.90	-0.42	0.14	334.99	7.78	76.72
0.38	-0.66	0.65	299.76	40.88	59.65
0.53	-0.34	0.77	327.28	50.75	68.59
-0.01	0.95	0.31	90.84	18.25	87.24
0.50	-0.76	0.42	303.35	24.91	38.09
-0.48	0.65	0.58	126.54	35.74	61.58
-0.94	-0.00	0.35	180.08	20.73	50.85
-0.64	-0.01	0.77	180.87	50.57	83.57
-0.95	0.07	0.29	175.99	17.08	58.50
-0.06	0.95	0.32	93.70	18.72	42.87
0.84	0.54	0.09	32.69	4.92	39.86
0.18	-0.45	0.88	291.65	61.34	21.88
-0.73	0.53	0.44	143.87	25.80	60.99
-0.95	-0.32	0.03	198.45	1.72	76.32
0.04	0.71	0.71	86.90	44.96	82.47
-0.60	0.20	0.78	161.69	51.01	57.44
0.65	0.76	0.11	49.46	6.51	59.77
0.08	0.82	0.57	84.25	34.43	27.00
0.77	0.62	0.12	38.72	6.94	68.45
0.15	0.95	0.28	80.88	16.00	19.35
-0.33	0.68	0.65	115.94	40.47	76.72
0.11	0.31	0.94	69.49	70.87	33.63
-0.95	0.07	0.30	175.78	17.56	76.67
0.14	-0.98	0.14	278.23	7.80	69.76
-0.79	0.59	0.17	143.28	9.62	54.05
0.10	0.64	0.76	81.28	49.40	72.13
0.19	0.56	0.81	71.22	53.77	57.42
0.19	0.56	0.81	71.22	53.77	57.42
0.82	0.32	0.47	21.17	28.20	27.52
-0.35	0.44	0.82	128.59	55.32	65.10
0.39	0.71	0.59	61.09	35.97	117.11
-0.12	0.24	0.96	116.79	74.51	10.07
0.35	0.80	0.49	66.54	29.49	81.04
0.32	0.41	0.85	52.01	58.42	46.90
0.48	0.65	0.59	53.39	35.96	14.56
0.77	0.59	0.22	37.52	12.75	81.12
0.74	-0.44	0.50	329.27	30.04	37.26
-0.19	-0.97	0.17	258.97	9.78	80.35
-0.26	-0.96	0.05	255.02	3.12	81.31
-0.56	0.80	0.24	124.89	13.77	48.65
0.06	-0.10	0.99	298.88	83.36	62.80
-0.90	0.44	0.01	153.64	0.59	38.32
0.54	-0.78	0.31	304.34	18.26	57.34
0.33	0.71	0.62	64.84	38.19	106.73
0.43	0.89	0.11	64.17	6.41	12.08
0.09	0.91	0.40	84.22	23.70	18.98
-0.79	-0.03	0.61	182.21	37.48	51.78
0.76	-0.32	0.57	337.16	34.47	52.49
0.11	-0.72	0.68	278.39	43.16	42.06
-0.73	-0.68	0.11	222.81	6.36	28.41
0.21	0.71	0.67	73.64	41.97	60.72
0.21	0.71	0.67	73.64	41.97	60.72
-0.60	-0.80	0.01	233.31	0.61	18.66
-0.97	0.19	0.12	168.93	6.79	70.23
-0.99	-0.11	0.12	186.52	7.18	72.11
0.80	-0.06	0.60	355.42	36.67	65.94
0.29	-0.95	0.05	287.15	3.07	56.65
0.42	-0.75	0.51	299.20	30.47	95.53
0.07	0.13	0.99	60.82	81.42	57.50
-0.14	-0.15	0.98	227.94	78.12	52.42
-0.14	-0.15	0.98	227.94	78.12	52.42
-0.59	-0.51	0.62	221.09	38.51	19.41
-0.08	0.59	0.80	98.18	53.42	57.78
-0.52	0.64	0.57	128.74	34.45	37.40
-0.52	0.64	0.57	128.74	34.45	37.40
-0.51	-0.85	0.09	239.16	5.35	30.57
-0.54	-0.84	0.01	237.03	0.39	37.46
0.97	0.16	0.19	9.19	10.74	75.23
0.70	-0.67	0.25	316.61	14.21	50.60
-0.04	-0.98	0.21	267.76	11.83	78.14
-0.40	0.43	0.81	133.33	54.24	44.98
-0.92	-0.28	0.29	196.74	16.66	15.29
0.03	-0.51	0.86	273.23	59.23	37.70
-0.99	-0.06	0.08	183.69	4.80	71.13
0.25	0.94	0.22	75.21	12.99	12.25
-0.53	-0.66	0.53	231.40	32.15	55.82
-0.14	0.82	0.56	99.82	33.78	47.55
-0.90	0.40	0.18	155.82	10.25	41.04
0.18	0.31	0.93	59.48	68.73	8.32
-0.15	0.89	0.44	99.36	26.01	41.67
0.41	-0.51	0.76	308.77	49.54	19.49
-0.43	0.54	0.73	128.54	46.59	19.15
-0.43	0.54	0.73	128.54	46.59	19.15
0.65	-0.75	0.06	310.87	3.19	34.11
0.47	-0.77	0.43	301.45	25.68	15.67
0.96	0.13	0.25	7.51	14.26	24.81
-0.98	0.16	0.10	170.69	5.47	62.07
0.28	0.58	0.76	64.45	49.66	65.42
0.46	0.76	0.46	58.79	27.25	59.43
0.53	-0.70	0.48	307.42	28.89	57.41
-0.01	-0.06	1.00	257.59	86.28	16.78
-0.90	0.40	0.18	155.82	10.25	41.04
-0.02	-0.89	0.46	268.66	27.14	92.27
0.29	-0.72	0.63	292.06	39.22	39.12
-0.93	-0.37	0.03	202.03	1.99	91.48
0.59	0.80	0.06	53.41	3.63	89.42
-0.71	-0.55	0.43	217.93	25.78	51.75
-0.59	-0.21	0.78	200.07	51.36	92.74
-0.49	0.85	0.19	119.88	10.92	34.70
-0.81	-0.59	0.02	215.92	1.08	71.48
0.93	-0.36	0.02	339.10	0.96	62.88
0.23	-0.97	0.00	283.29	0.07	75.71
-0.12	-0.68	0.72	260.14	46.08	91.77
-0.84	0.54	0.07	147.00	4.25	33.51
0.71	0.58	0.40	39.66	23.65	60.38
-0.61	0.73	0.31	129.97	17.95	80.46
0.75	-0.63	0.19	320.23	10.91	76.89
-0.65	0.75	0.16	131.00	8.97	66.54
0.17	0.88	0.44	79.11	26.36	31.53
-1.00	0.00	0.05	179.91	2.92	25.60
-0.84	0.45	0.30	151.95	17.38	54.32
-0.57	0.66	0.48	130.88	28.90	14.76
-0.89	0.08	0.45	174.76	26.83	80.42
-0.30	0.85	0.43	109.12	25.26	67.84
0.84	0.41	0.36	25.98	21.14	69.23
-0.08	-0.94	0.33	265.26	19.30	56.50
0.53	0.16	0.83	16.48	56.31	66.28
0.37	0.58	0.72	57.17	46.43	69.75
0.40	0.05	0.92	6.57	66.39	51.00
0.73	0.63	0.25	40.99	14.56	94.49
0.62	0.55	0.55	41.69	33.69	48.96
-0.68	0.41	0.61	149.19	37.56	23.16
-0.68	0.41	0.61	149.19	37.56	23.16
0.22	0.95	0.20	77.09	11.75	48.79
0.46	0.87	0.20	61.93	11.36	56.64
0.77	0.42	0.49	28.61	29.32	58.74
0.77	0.42	0.49	28.61	29.32	58.74
-0.99	-0.09	0.12	185.01	6.84	14.55
-0.13	0.96	0.25	97.75	14.53	80.18
0.88	-0.16	0.45	349.90	26.56	60.49
0.88	-0.16	0.45	349.90	26.56	60.49
0.49	-0.87	0.02	299.11	1.09	37.77
0.18	0.02	0.98	7.57	79.69	35.79
-0.23	-0.59	0.77	249.15	50.75	48.30
0.04	-0.89	0.45	272.38	26.85	67.54
0.81	-0.17	0.56	347.91	33.81	37.95
0.81	-0.17	0.56	347.91	33.81	37.95
0.48	-0.05	0.88	354.60	61.31	41.70
-0.13	0.85	0.51	98.90	30.59	44.04
-0.98	0.13	0.13	172.75	7.61	10.18
-0.71	-0.30	0.64	202.99	39.84	73.15
0.35	-0.58	0.74	300.85	47.57	22.24
0.44	-0.35	0.83	321.59	56.09	96.25
0.25	0.01	0.97	2.22	75.36	61.73
-0.19	-0.39	0.90	244.30	64.47	13.71
-0.77	-0.64	0.00	219.74	0.25	12.48
0.80	0.21	0.56	14.66	33.80	9.03
-0.33	-0.68	0.65	244.49	40.83	8.25
0.18	0.11	0.98	32.53	78.00	21.49
-0.27	0.08	0.96	164.37	73.73	23.49
-0.07	0.49	0.87	98.16	60.37	78.25
-0.05	0.63	0.78	94.37	50.89	59.73
0.11	0.55	0.83	79.22	55.73	58.18
-0.35	0.79	0.50	114.01	30.02	63.96
0.17	-0.82	0.54	281.75	32.62	8.00
-0.10	0.52	0.85	100.47	58.13	59.35
0.55	0.63	0.55	49.22	33.21	58.29
-0.55	0.82	0.18	123.68	10.46	10.09
-0.23	0.18	0.96	142.45	73.04	60.51
-0.40	0.06	0.91	171.14	66.02	59.60
-0.33	0.73	0.60	114.14	36.84	74.66
-0.27	-0.96	0.09	254.36	5.33	44.70
0.53	0.50	0.68	43.14	43.23	9.21
0.10	-0.16	0.98	301.95	79.00	29.16
0.10	-0.16	0.98	301.95	79.00	29.16
0.84	0.49	0.23	30.23	13.29	48.72
0.62	0.47	0.62	37.16	38.38	86.54
0.56	-0.15	0.82	345.04	54.73	74.22
0.67	-0.23	0.71	341.41	44.98	81.55
0.82	-0.56	0.11	325.98	6.18	69.74
0.18	-0.97	0.14	280.63	8.22	81.58
-0.45	-0.63	0.63	234.41	39.41	69.21
0.22	-0.01	0.98	356.49	77.54	11.92
0.80	0.58	0.15	36.21	8.41	90.30
-0.15	0.47	0.87	107.82	60.69	46.97
0.40	-0.88	0.27	294.55	15.65	56.62
0.79	0.53	0.29	33.84	17.05	56.73
-0.89	-0.42	0.17	204.93	9.87	84.66
-0.97	-0.21	0.16	192.07	8.96	77.28
0.74	-0.66	0.11	318.14	6.23	64.50
-0.68	0.20	0.71	163.93	44.91	35.61
0.44	-0.79	0.42	299.16	25.14	55.51
0.78	-0.59	0.21	322.92	12.08	63.90
-0.13	0.05	0.99	158.15	82.17	26.02
-1.00	-0.02	0.07	181.33	3.75	81.44
0.37	-0.85	0.36	293.71	21.40	92.52
0.37	-0.85	0.36	293.71	21.40	92.52
-0.22	0.57	0.79	110.94	52.27	59.59
-0.77	0.30	0.56	158.63	34.20	64.86
0.95	0.19	0.24	11.42	13.93	69.54
0.15	-0.32	0.94	295.33	69.36	50.87
0.61	0.54	0.58	41.62	35.35	79.81
-0.99	-0.14	0.06	187.96	3.71	82.78
-0.05	-0.76	0.65	266.23	40.67	8.79
-0.73	-0.66	0.21	222.12	11.90	80.04
0.18	0.98	0.12	79.43	6.79	4.63
-0.98	-0.19	0.10	190.72	5.49	84.30
0.94	0.35	0.02	20.19	1.15	87.27
0.97	0.23	0.07	13.14	4.12	81.15
0.45	-0.55	0.70	309.31	44.55	45.45
0.99	0.15	0.04	8.44	2.47	71.19
0.15	0.06	0.99	22.45	80.40	65.24
-0.31	-0.95	0.04	252.10	2.02	55.20
-0.99	-0.07	0.10	184.23	5.63	82.45
-0.29	-0.96	0.03	252.95	1.66	59.75
-0.95	-0.23	0.22	193.89	12.74	9.07
-0.66	0.29	0.69	156.56	43.66	58.39
-0.22	-0.41	0.88	242.51	62.17	52.03
0.66	0.14	0.73	12.15	47.25	62.33
0.99	0.11	0.10	6.10	5.67	58.52
-0.48	0.87	0.14	119.07	8.07	46.29
0.05	0.95	0.29	87.12	17.14	85.52
0.56	-0.79	0.26	305.45	14.80	82.88
0.93	0.36	0.07	21.10	3.84	72.96
-0.90	0.36	0.25	157.92	14.75	57.82
0.52	-0.77	0.37	303.85	21.89	21.69
-0.03	-0.42	0.91	265.96	65.03	16.25
0.86	0.48	0.16	29.10	9.24	75.76
-0.28	0.29	0.92	133.63	66.41	15.51
0.84	-0.49	0.24	329.55	13.71	8.24
0.91	0.41	0.12	24.23	6.70	80.34
-0.08	-0.51	0.86	261.39	59.21	50.34
0.19	0.08	0.98	23.51	77.82	16.37
0.87	-0.38	0.31	336.30	18.26	12.76
-0.91	-0.41	0.09	204.36	5.00	83.52
-0.34	-0.37	0.86	227.38	59.48	59.16
-0.86	-0.38	0.35	203.75	20.72	10.19
-0.10	-0.97	0.24	264.33	13.73	60.53
0.57	-0.53	0.63	317.20	38.82	74.44
0.68	-0.39	0.62	329.87	38.15	79.52
0.58	0.30	0.75	27.40	48.80	87.65
-0.81	0.57	0.12	145.02	6.82	46.84
-0.24	0.70	0.67	108.83	41.96	63.83
-0.24	0.70	0.67	108.83	41.96	63.83
-0.66	-0.43	0.61	213.21	37.55	88.28
0.53	-0.74	0.41	305.73	24.12	22.71
0.53	-0.74	0.41	305.73	24.12	22.71
-0.20	0.21	0.96	133.20	73.41	58.61
-0.46	-0.58	0.67	231.17	42.31	115.18
-0.77	-0.26	0.58	198.74	35.63	82.19
0.45	-0.54	0.71	309.27	45.28	61.22
0.49	-0.21	0.84	337.19	57.62	41.38
0.33	0.60	0.73	61.42	46.79	55.34
-0.31	-0.93	0.22	251.50	12.45	30.37
-0.25	0.75	0.61	108.51	37.48	53.39
0.60	0.23	0.76	20.62	49.89	26.71
0.83	-0.06	0.56	355.85	33.72	85.73
0.83	-0.06	0.56	355.85	33.72	85.73
0.54	0.68	0.49	51.31	29.41	49.87
0.79	-0.01	0.62	359.42	38.12	57.43
0.62	-0.71	0.34	311.19	19.85	58.35
0.33	-0.91	0.27	289.72	15.60	37.47
-0.89	-0.21	0.41	193.26	24.15	71.64
0.71	0.59	0.38	39.60	22.62	37.90
-0.22	-0.57	0.79	248.83	52.34	19.22
0.86	0.20	0.48	12.85	28.49	58.10
-0.07	-0.55	0.83	262.88	56.21	102.83
-0.20	-0.32	0.92	238.00	67.51	83.24
0.87	0.29	0.39	18.19	22.99	65.04
-0.40	-0.28	0.87	214.88	60.63	97.79
-0.14	-0.63	0.76	257.49	49.75	38.90
-0.31	-0.70	0.64	246.04	39.85	54.18
0.33	-0.00	0.94	359.62	70.67	42.32
0.99	-0.02	0.14	358.99	8.21	31.75
0.22	-0.90	0.38	284.05	22.45	37.73
-0.56	0.00	0.83	179.84	55.92	69.91
0.25	-0.34	0.91	306.74	64.87	23.32
-0.33	-0.07	0.94	192.60	70.30	19.53
-0.07	0.29	0.95	103.18	72.65	40.44
-0.16	-0.24	0.96	236.73	73.17	84.44
-0.61	0.69	0.39	131.64	22.98	25.66
-0.61	0.69	0.39	131.64	22.98	25.66
0.27	-0.57	0.77	295.06	50.69	54.18
0.86	0.45	0.25	27.38	14.36	50.76
0.40	-0.90	0.19	294.07	10.80	63.86
-0.17	-0.40	0.90	246.93	64.00	61.47
-0.07	-0.32	0.95	256.99	71.00	53.24
-0.07	-0.32	0.95	256.99	71.00	53.24
0.41	0.66	0.63	58.04	39.05	10.79
-0.20	-0.56	0.80	250.34	53.34	56.93
0.90	0.41	0.12	24.25	7.12	25.31
0.72	0.62	0.31	40.62	18.09	83.57
-0.26	-0.14	0.96	209.10	73.02	54.96
-0.50	-0.85	0.15	239.65	8.52	52.16
0.59	-0.79	0.16	306.54	9.01	44.69
-0.12	0.88	0.47	97.87	27.93	70.65
-0.10	0.96	0.25	96.10	14.53	61.64
0.98	-0.05	0.20	357.16	11.30	52.03
0.63	-0.16	0.76	346.12	49.16	71.18
0.63	-0.16	0.76	346.12	49.16	71.18
0.91	-0.04	0.40	357.68	23.83	35.43
-0.71	0.54	0.45	142.88	27.03	43.81
-0.67	-0.73	0.09	227.56	5.37	19.82
-0.67	-0.73	0.09	227.56	5.37	19.82
-0.42	0.00	0.91	179.53	65.05	28.20
0.21	-0.64	0.74	288.26	47.65	68.69
-0.23	-0.44	0.87	242.74	60.43	64.78
-0.23	-0.44	0.87	242.74	60.43	64.78
0.43	0.80	0.42	62.05	24.87	74.51
-0.44	0.83	0.35	118.29	20.29	59.32
-0.40	0.18	0.90	155.50	63.87	33.91
0.66	0.61	0.44	43.13	26.08	60.17
0.41	0.28	0.87	34.68	59.94	26.34
0.36	0.79	0.50	65.59	30.28	31.90
0.44	0.44	0.78	45.12	51.51	87.30
0.62	-0.09	0.78	352.17	51.07	83.91
-0.83	-0.14	0.55	189.68	33.05	53.79
-0.60	0.18	0.78	163.29	50.97	61.60
0.66	0.56	0.49	40.21	29.47	116.81
-0.89	-0.42	0.17	205.03	9.84	33.40
0.59	-0.23	0.77	339.00	50.72	28.49
0.50	0.64	0.58	52.16	35.75	67.53
0.50	0.64	0.58	52.16	35.75	67.53
0.97	0.06	0.22	3.29	12.96	22.50
0.10	-0.26	0.96	291.37	74.02	67.08
0.12	-0.40	0.91	287.02	64.99	62.56
-0.75	0.22	0.62	163.57	38.55	59.56
-0.66	0.13	0.74	169.17	47.93	91.18
-0.34	-0.55	0.77	237.99	49.98	49.04
-0.23	0.21	0.95	138.34	71.70	43.10
0.65	-0.76	0.03	310.25	1.80	65.16
0.04	0.82	0.57	87.47	34.52	47.06
0.25	0.87	0.42	73.74	25.02	59.30
0.79	0.61	0.03	37.45	1.67	19.13
0.41	0.22	0.89	28.07	62.59	17.40
-0.95	0.24	0.21	165.48	12.37	59.33
-0.95	0.24	0.21	165.48	12.37	59.33
-0.46	0.57	0.68	128.71	42.97	77.29
-0.41	-0.38	0.83	222.48	55.83	73.50
-0.62	-0.78	0.03	231.32	1.54	73.34
-0.35	-0.41	0.84	229.55	57.08	39.52
-0.70	0.69	0.18	135.67	10.39	59.08
0.27	0.01	0.96	1.92	74.06	53.87
-0.75	-0.18	0.63	193.82	39.31	78.59
-0.99	-0.08	0.13	184.71	7.21	53.81
0.97	-0.08	0.24	355.44	13.99	54.13
-0.82	-0.19	0.55	193.19	33.07	87.02
0.55	0.13	0.83	13.04	55.67	32.95
-0.96	0.29	0.03	163.23	1.56	11.81
-0.96	0.29	0.03	163.23	1.56	11.81
0.45	0.18	0.87	22.44	61.01	72.36
-0.73	-0.68	0.04	223.22	2.20	58.19
-0.64	0.64	0.43	135.09	25.62	48.95
-0.64	0.64	0.43	135.09	25.62	48.95
0.63	-0.16	0.76	346.19	49.40	71.04
0.63	-0.16	0.76	346.19	49.40	71.04
0.63	-0.16	0.76	346.19	49.40	71.04
-0.07	0.29	0.95	104.13	72.34	40.54
0.21	0.37	0.91	60.33	64.87	60.08
0.61	0.47	0.63	37.30	39.41	59.84
-0.53	-0.23	0.82	203.34	54.64	14.17
0.00	-0.87	0.50	270.31	29.71	106.43
0.54	-0.81	0.24	303.83	13.65	65.69
0.93	-0.35	0.13	339.53	7.60	73.70
-0.62	-0.70	0.36	228.31	21.03	72.51
0.41	0.71	0.58	59.66	35.17	63.15
-0.75	-0.33	0.57	203.73	34.68	26.94
-0.29	0.95	0.13	107.30	7.30	53.61
-0.64	0.71	0.30	132.27	17.52	62.55
0.76	-0.24	0.60	342.55	36.87	66.01
-0.25	-0.15	0.96	211.74	73.00	13.38
-0.85	0.22	0.47	165.74	28.23	50.26
0.51	0.85	0.11	59.04	6.26	49.08
0.45	0.51	0.74	48.50	47.49	76.50
0.42	0.86	0.27	63.87	15.80	37.72
0.70	-0.24	0.68	341.04	42.50	36.08
-0.02	-0.13	0.99	260.73	82.30	36.18
-0.02	-0.13	0.99	260.73	82.30	36.18
0.50	0.67	0.54	53.24	32.83	37.40
0.76	0.34	0.56	23.88	33.78	26.51
0.76	0.34	0.56	23.88	33.78	26.51
0.90	0.38	0.23	22.75	13.29	77.98
-0.98	0.15	0.15	171.39	8.79	35.20
0.01	-0.99	0.10	270.74	5.90	51.37
0.93	-0.35	0.13	339.53	7.60	73.70
-0.98	-0.18	0.04	190.54	2.53	49.07
-0.47	0.76	0.45	121.53	26.50	10.42
-0.83	-0.03	0.56	181.99	34.33	32.12
-0.66	0.75	0.01	130.99	0.71	61.95
0.77	0.34	0.54	24.05	32.92	55.12
0.02	0.13	0.99	82.52	82.75	59.97
0.09	0.66	0.74	82.66	48.12	48.31
-0.42	-0.39	0.82	223.29	55.17	53.20
-0.52	0.86	0.04	121.11	2.11	62.32
-0.98	0.12	0.16	173.19	9.21	16.65
0.50	0.17	0.85	18.91	57.98	84.27
0.69	-0.26	0.67	339.39	42.10	21.97
-0.61	0.29	0.74	154.32	47.43	56.26
0.33	0.86	0.39	69.03	22.96	80.22
-0.38	0.21	0.90	150.95	64.54	49.53
0.97	0.19	0.12	11.01	6.96	60.18
-0.29	0.95	0.13	107.30	7.30	53.61
0.37	0.87	0.33	66.84	19.45	42.27
0.80	-0.28	0.53	340.58	31.95	57.49
-0.71	0.24	0.66	161.20	41.12	64.91
-0.71	0.24	0.66	161.20	41.12	64.91
-0.61	0.50	0.62	140.58	38.45	47.72
0.67	-0.19	0.71	343.97	45.41	40.17
0.02	-0.87	0.49	271.00	29.27	47.43
-0.60	0.48	0.64	141.25	40.13	49.32
-0.98	0.19	0.03	168.89	1.51	48.83
0.83	0.36	0.43	23.11	25.18	89.12
-0.84	0.26	0.47	163.14	28.01	56.23
0.85	0.34	0.41	21.67	24.33	99.58
-0.75	-0.50	0.43	213.76	25.61	48.90
-0.53	-0.46	0.71	221.13	45.35	70.81
-0.55	-0.75	0.37	233.99	21.66	20.30
0.67	0.65	0.36	43.95	21.20	22.74
-0.13	0.29	0.95	114.32	71.73	35.11
-0.13	0.29	0.95	114.32	71.73	35.11
-0.70	0.01	0.71	178.96	45.25	32.12
0.14	-0.82	0.56	279.55	33.74	102.96
0.49	-0.61	0.62	308.98	38.63	61.86
-0.24	0.82	0.53	106.12	31.91	45.56
-0.24	0.82	0.53	106.12	31.91	45.56
-0.80	-0.58	0.13	215.90	7.60	50.67
0.17	0.87	0.46	78.78	27.70	50.27
-0.68	0.71	0.20	133.85	11.71	65.26
0.51	0.39	0.77	37.15	50.02	38.31
-0.53	0.85	0.05	121.79	2.90	61.38
-0.97	0.05	0.22	176.90	12.50	16.41
0.65	0.12	0.75	10.20	48.52	46.73
-0.36	-0.13	0.92	199.04	67.31	16.02
-0.31	0.16	0.94	152.74	69.78	79.02
-0.23	0.01	0.97	178.77	76.49	81.08
0.83	-0.36	0.43	336.16	25.49	12.96
-0.44	-0.89	0.12	243.38	6.85	61.47
0.37	-0.92	0.10	291.83	5.94	80.36
-0.21	-0.43	0.88	243.83	61.20	42.99
0.97	0.24	0.11	13.72	6.04	33.85
0.66	-0.05	0.75	355.93	48.31	78.21
-0.77	-0.11	0.63	187.87	39.01	28.51
0.92	0.37	0.15	21.91	8.84	10.64
0.28	0.92	0.27	73.21	15.88	57.66
0.75	0.45	0.48	30.67	28.79	77.45
0.59	-0.71	0.38	309.72	22.41	90.71
0.63	-0.16	0.76	346.19	49.40	71.04
-1.00	0.01	0.04	179.50	2.54	61.29
0.23	-0.04	0.97	350.85	76.28	43.17
0.23	-0.04	0.97	350.85	76.28	43.17
0.84	-0.16	0.51	349.55	30.99	70.15
0.68	-0.71	0.17	313.81	9.98	14.65
-0.92	0.14	0.36	171.21	21.32	36.17
-0.28	-0.22	0.93	219.03	69.23	48.29
-0.95	-0.30	0.11	197.63	6.11	24.98
0.81	-0.57	0.15	324.98	8.54	15.46
0.11	0.16	0.98	56.91	78.83	21.51
0.11	0.16	0.98	56.91	78.83	21.51
-0.99	-0.07	0.08	183.95	4.68	18.48
-0.92	0.01	0.40	179.47	23.49	49.01
-0.95	-0.31	0.03	198.16	1.98	84.26
-0.95	-0.31	0.03	198.16	1.98	84.26
0.59	-0.71	0.38	309.72	22.41	90.71
-0.88	-0.48	0.02	208.59	0.92	13.20
0.99	-0.13	0.02	352.81	1.02	50.13
-0.37	-0.78	0.50	244.78	30.30	51.14
-0.88	0.07	0.47	175.17	27.81	87.76
-0.88	0.07	0.47	175.17	27.81	87.76
-0.03	0.99	0.16	91.90	9.09	54.44
0.39	-0.89	0.23	293.76	13.19	62.35
0.53	0.75	0.40	54.78	23.33	76.50
-0.16	0.86	0.49	100.50	29.47	44.94
0.49	-0.33	0.81	326.44	53.81	9.15
0.49	-0.33	0.81	326.44	53.81	9.15
-0.85	-0.31	0.43	199.79	25.38	37.40
-0.26	0.18	0.95	146.05	71.68	48.43
0.95	0.18	0.27	10.73	15.69	42.82
0.86	0.26	0.44	17.14	25.94	72.66
-0.46	0.50	0.73	132.84	46.85	41.79
0.76	0.48	0.44	31.95	25.81	41.45
0.48	0.29	0.83	31.64	55.90	64.95
-0.26	0.18	0.95	146.05	71.68	48.43
0.65	0.10	0.75	8.72	49.02	74.93
0.86	0.20	0.47	13.04	27.72	54.02
0.14	0.29	0.95	63.60	71.34	36.22
0.14	0.29	0.95	63.60	71.34	36.22
0.92	-0.17	0.35	349.59	20.35	48.52
-0.22	-0.97	0.05	257.14	2.59	27.64
-0.13	-0.62	0.78	257.68	50.86	62.54
0.65	0.45	0.62	34.47	38.06	57.29
0.01	0.99	0.13	89.59	7.30	38.06
0.54	0.84	0.09	57.05	5.07	37.24
0.54	0.84	0.09	57.05	5.07	37.24
-0.46	0.53	0.71	130.75	45.13	32.25
-0.43	0.40	0.81	137.15	53.80	9.65
-0.59	0.20	0.78	161.43	51.21	60.76
-0.85	0.52	0.06	148.47	3.62	23.16
0.92	-0.04	0.38	357.24	22.23	23.74
0.40	-0.88	0.25	294.55	14.49	44.41
0.51	0.68	0.52	53.35	31.39	13.36
-0.37	-0.28	0.88	216.87	62.25	15.86
-0.75	0.65	0.12	139.47	6.92	79.77
0.37	0.18	0.91	26.33	65.86	42.85
-0.97	-0.02	0.23	181.01	13.08	68.39
-0.10	0.28	0.95	109.25	72.56	17.83
0.77	0.17	0.61	12.48	37.84	81.33
0.53	0.49	0.69	42.99	43.57	58.95
-0.07	-0.62	0.78	263.17	51.41	13.77
-0.06	0.68	0.73	95.23	47.04	45.10
-0.97	-0.16	0.17	189.33	9.97	84.78
0.84	-0.03	0.55	357.93	33.16	57.92
0.71	0.68	0.16	43.80	9.29	68.14
0.37	0.92	0.16	68.07	8.97	26.81
-0.93	0.37	0.07	158.06	4.14	63.82
-0.90	-0.24	0.36	194.84	21.12	90.00
0.69	0.66	0.29	43.45	16.91	70.98
-0.89	0.36	0.28	157.82	16.18	68.98
-0.25	-0.92	0.31	254.60	17.85	53.54
-0.94	0.27	0.22	164.04	12.77	65.63
0.84	0.24	0.49	16.13	29.34	18.04
0.64	-0.75	0.18	310.62	10.39	28.29
0.89	0.44	0.12	26.19	6.87	34.84
-0.78	0.62	0.05	141.79	2.70	68.67
-0.57	-0.07	0.82	187.24	55.08	25.76
-0.82	0.32	0.47	158.70	27.78	42.05
-0.37	-0.70	0.61	242.17	37.37	41.81
0.49	-0.60	0.64	309.16	39.59	63.76
-0.07	-0.63	0.77	263.69	50.74	63.71
0.41	-0.90	0.14	294.62	7.81	13.83
-0.41	0.29	0.87	144.63	60.02	48.11
0.08	-0.80	0.59	275.35	36.24	28.42
0.08	-0.80	0.59	275.35	36.24	28.42
0.51	0.68	0.52	53.35	31.39	13.36
0.74	-0.23	0.64	343.02	39.60	15.65
-0.13	-0.81	0.58	261.20	35.20	18.42
-0.10	-0.36	0.93	253.86	67.92	32.46
0.00	-0.02	1.00	280.00	88.80	37.22
-0.66	-0.66	0.35	224.92	20.53	48.99
-0.70	-0.66	0.26	223.28	15.22	61.17
-0.29	-0.55	0.78	241.94	51.28	55.88
-0.94	-0.24	0.26	194.11	15.35	84.65
-0.07	-0.55	0.83	263.28	56.21	89.87
0.24	-0.91	0.34	284.53	20.08	51.54
0.89	-0.45	0.09	333.30	5.06	15.16
-0.95	0.21	0.25	167.67	14.20	17.22
0.67	0.16	0.73	13.23	46.77	60.03
0.48	0.52	0.71	47.28	45.11	53.65
-0.84	0.40	0.37	154.43	21.94	60.86
0.89	-0.19	0.42	347.99	24.94	48.35
0.15	-0.30	0.94	296.11	70.22	37.40
0.48	-0.34	0.81	324.43	54.20	82.83
-0.59	-0.51	0.62	220.85	38.24	35.60
0.47	0.37	0.80	38.01	53.59	54.85
-0.91	0.29	0.31	162.22	17.92	80.38
-0.70	0.01	0.72	179.57	45.68	89.40
-0.05	0.23	0.97	103.02	76.49	29.89
-0.05	0.23	0.97	103.02	76.49	29.89
-0.77	-0.36	0.53	205.00	32.32	95.81
-0.77	-0.36	0.53	205.00	32.32	95.81
-0.25	-0.68	0.69	249.61	43.38	60.87
0.59	-0.41	0.69	325.57	43.96	40.67
-0.54	0.24	0.81	156.31	54.15	86.03
0.39	-0.75	0.54	297.88	32.41	51.38
-0.24	-0.97	0.01	256.11	0.59	51.73
-0.23	-0.45	0.86	243.47	59.52	45.35
0.82	-0.50	0.29	328.81	16.86	55.65
0.41	-0.22	0.89	331.16	62.29	30.47
-0.95	0.28	0.15	163.37	8.86	51.61
-0.97	0.25	0.00	165.50	0.04	34.43
0.88	0.11	0.47	7.03	28.16	64.20
-0.84	-0.42	0.35	206.39	20.79	11.32
0.95	0.31	0.05	17.96	3.04	62.51
0.70	-0.56	0.45	321.30	27.05	58.60
-0.93	0.30	0.22	162.09	12.76	55.20
0.95	-0.28	0.16	343.40	9.12	39.07
-0.40	-0.88	0.26	245.65	15.23	37.74
-0.89	0.10	0.45	173.54	26.89	56.48
-0.02	-0.07	1.00	252.24	85.73	38.56
-0.92	-0.20	0.34	192.26	19.72	33.69
-0.84	-0.39	0.37	204.55	22.02	54.75
-0.96	-0.16	0.24	189.52	13.68	70.43
-0.95	-0.21	0.23	192.18	13.25	81.28
0.97	-0.23	0.05	346.66	2.89	40.82
0.79	0.27	0.55	19.18	33.57	25.03
0.48	0.82	0.29	59.56	16.95	22.49
-0.47	-0.72	0.50	237.08	30.30	74.16
-0.71	0.41	0.56	149.85	34.40	51.15
-0.89	0.37	0.25	157.69	14.66	57.51
-0.96	0.07	0.29	175.58	16.57	23.66
0.97	-0.19	0.15	348.97	8.90	30.59
0.98	-0.20	0.09	348.58	5.08	71.30
-0.50	-0.56	0.66	228.46	41.44	59.74
0.06	-0.98	0.17	273.69	9.76	20.37
-0.36	-0.55	0.76	236.59	49.10	24.69
0.09	-0.75	0.66	277.20	41.30	38.69
0.62	-0.56	0.55	317.81	33.31	44.23
-0.16	0.91	0.38	99.95	22.64	91.64
-0.33	0.82	0.46	112.09	27.57	83.78
-0.11	0.97	0.23	96.59	13.09	42.99
-0.63	0.24	0.74	158.75	47.70	61.62
0.64	-0.38	0.67	329.37	42.04	49.62
-0.77	-0.01	0.64	180.56	39.64	22.96
0.82	-0.56	0.05	325.65	3.11	9.09
0.80	0.57	0.19	35.75	10.83	74.49
0.34	0.91	0.22	69.33	12.84	5.92
0.95	-0.27	0.12	343.91	7.07	70.47
0.88	0.04	0.47	2.82	27.80	43.13
0.97	0.02	0.23	1.17	13.40	9.70
-0.40	0.64	0.65	121.63	40.77	52.64
-0.55	0.55	0.63	134.79	39.23	55.55
0.72	0.48	0.51	33.60	30.53	45.75
0.22	-0.91	0.35	283.37	20.26	51.71
0.25	0.96	0.08	75.23	4.37	40.90
0.01	-0.74	0.67	270.81	42.23	57.53
-0.66	0.71	0.25	133.12	14.60	56.21
-0.92	-0.18	0.36	191.32	21.04	94.16
-0.57	-0.16	0.80	195.54	53.54	80.38
0.55	0.71	0.43	52.45	25.69	46.70
0.80	0.51	0.33	32.35	19.15	62.74
-0.90	-0.01	0.43	180.64	25.52	63.99
-0.18	0.77	0.62	103.29	38.15	50.92
0.96	0.23	0.18	13.56	10.59	31.84
0.98	-0.13	0.16	352.43	9.44	69.47
0.65	0.65	0.39	45.27	23.21	61.32
0.38	0.07	0.92	10.84	67.39	95.58
0.79	0.29	0.54	20.00	32.57	91.74
-0.56	-0.53	0.63	223.40	39.16	68.23
-0.78	0.19	0.59	166.36	36.35	34.79
-0.14	0.70	0.70	100.90	44.36	29.74
0.95	-0.13	0.29	352.28	16.77	27.04
0.50	0.55	0.67	47.78	42.42	61.67
-0.41	-0.58	0.70	234.78	44.48	49.93
-0.55	0.31	0.77	150.69	50.77	39.95
0.53	-0.43	0.73	320.45	47.05	54.35
0.70	-0.70	0.15	315.02	8.76	26.05
-0.95	-0.26	0.19	195.39	10.91	29.77
-0.46	0.16	0.88	160.62	61.07	21.10
-0.35	0.93	0.14	110.55	7.79	44.39
0.16	0.99	0.06	81.05	3.48	41.90
0.52	0.74	0.42	55.16	24.93	94.65
-0.10	0.85	0.51	96.43	30.94	57.46
0.27	-0.88	0.39	287.21	23.12	21.91
-0.25	0.97	0.05	104.54	2.63	61.73
-0.95	-0.30	0.01	197.48	0.64	47.90
0.57	-0.17	0.80	343.03	53.34	64.86
-0.89	0.44	0.12	153.60	6.83	36.90
0.25	0.35	0.90	54.25	64.77	55.80
0.42	-0.00	0.91	359.80	65.17	44.03
-0.45	0.65	0.61	124.95	37.89	22.03
0.98	0.09	0.19	5.13	10.75	5.83
-0.45	0.89	0.06	116.48	3.56	46.09
0.65	0.76	0.05	49.68	3.02	90.23
0.40	-0.57	0.71	305.08	45.40	73.17
-0.89	-0.20	0.40	192.62	23.65	47.63
-0.93	-0.35	0.04	200.78	2.24	35.32
-0.33	0.22	0.92	146.13	66.70	60.38
-0.97	-0.01	0.23	180.71	13.29	70.07
-0.78	0.03	0.63	177.85	38.89	19.73
-0.17	-0.05	0.98	196.35	79.80	36.34
0.94	-0.33	0.08	340.69	4.80	51.35
0.30	0.63	0.72	64.32	45.90	39.16
0.69	0.27	0.67	21.22	42.34	24.73
-0.77	0.33	0.55	157.06	33.23	51.66
-0.96	0.08	0.25	175.34	14.53	54.87
0.52	0.74	0.42	55.16	24.93	94.65
-0.32	0.87	0.39	110.17	22.80	34.26
0.46	0.63	0.63	54.11	38.91	21.76
0.01	-0.07	1.00	276.24	85.91	47.51
-0.14	-0.67	0.73	258.33	46.62	35.85
-0.17	-0.03	0.98	191.21	79.88	38.06
0.96	0.25	0.13	14.51	7.31	86.77
-0.17	0.89	0.43	100.54	25.30	53.85
-0.61	0.45	0.65	143.60	40.62	87.71
0.07	0.94	0.33	86.01	19.41	46.39
0.72	0.01	0.69	0.88	43.92	65.25
0.42	-0.30	0.85	324.31	58.76	13.34
-0.56	0.54	0.63	135.90	38.78	80.13
-0.58	0.20	0.79	161.24	52.26	14.44
-0.68	0.40	0.62	149.49	38.30	19.73
0.22	-0.76	0.62	286.28	38.09	50.17
-0.83	-0.12	0.55	188.19	33.46	60.55
-0.33	-0.22	0.92	213.00	66.70	11.23
0.29	0.95	0.06	73.02	3.61	17.49
-0.01	0.80	0.59	90.55	36.50	18.30
-0.54	-0.68	0.49	231.56	29.67	86.37
0.28	0.69	0.66	67.78	41.36	59.78
-0.08	0.35	0.93	103.43	69.13	62.41
0.67	0.09	0.74	7.74	47.82	23.99
-0.74	0.63	0.22	139.53	12.95	39.62
0.21	-0.17	0.96	321.32	74.13	13.74
-0.17	-0.98	0.10	259.98	5.74	48.50
0.48	0.65	0.59	53.78	35.83	112.24
-1.00	-0.01	0.07	180.84	3.76	11.88
-0.99	0.04	0.16	177.44	9.47	19.35
0.45	0.79	0.41	60.35	24.41	19.14
0.62	-0.36	0.70	329.83	44.06	102.50
0.79	-0.04	0.61	357.05	37.37	72.81
0.94	0.30	0.17	17.67	9.72	63.52
0.35	-0.22	0.91	327.36	65.54	74.14
0.48	0.71	0.52	56.03	31.18	71.55
0.39	-0.15	0.91	338.66	65.47	82.42
0.80	0.09	0.59	6.43	36.01	10.17
0.72	0.31	0.63	23.09	38.85	18.47
-0.06	0.13	0.99	116.11	81.81	24.79
0.31	0.57	0.76	61.28	49.06	9.66
-0.09	-0.78	0.62	263.40	38.30	9.86
0.41	-0.82	0.40	296.25	23.53	63.27
0.36	-0.90	0.27	291.71	15.54	58.93
0.44	-0.51	0.74	310.98	47.98	64.94
0.24	-0.87	0.43	285.13	25.46	54.61
-0.92	0.22	0.31	166.62	18.08	11.88
0.36	0.48	0.80	53.03	53.34	32.06
0.84	0.40	0.37	25.52	22.01	29.09
0.14	-0.53	0.84	284.95	56.83	47.18
-0.84	-0.23	0.50	195.60	29.78	6.70
-0.81	0.59	0.01	143.86	0.73	6.82
0.95	0.29	0.12	17.21	7.13	45.35
-0.87	0.31	0.38	160.26	22.24	46.74
-0.47	0.67	0.58	125.15	35.56	59.79
-0.47	0.67	0.58	125.15	35.56	59.79
-0.47	0.67	0.58	125.15	35.56	59.79
-0.71	0.65	0.26	137.63	14.97	45.99
-0.17	-0.98	0.11	260.32	6.08	48.58
