# Column 1:    Selected grain boundary location of the input sample
# Column 2:    Void parameter value
# Column 3:    Distance from the grain boundary to the center void
# Column 4:    Void ID
# Column 5:    Sorted GB by distance from the center of the void
# Column 6-7:  Supposed intersections point of GB with void edge, x and y
# Column 8-9:  Supposed GB junction point
# Column 10:   Predicted length of GB continuity (not totally length.) 

646	1	6.218776638497653	0	2	318.268136836846622	827.527264159399351	-1	-1	-1
750	1	6.218776638497653	0	3	296.916464696128685	830.389023535914248	-1	-1	-1
751	-1	3.366377934124372	0	0	315.318682493976496	840.478023740964773	-1	-1	-1
767	-1	5.164055088817706	0	0	319.106142305547166	833.446928847226445	-1	-1	-1
775	1	5.169240933695790	0	1	297.158700211684788	834.811799939518664	-1	-1	-1
2330	-1	9.138792096498575	1	0	1027.856406460550943	769.000000000000000	-1	-1	-1
2371	-1	3.651996941340820	1	0	1026.433981132056488	773.433981132056601	-1	-1	-1
2377	-1	4.762008286278665	1	0	1027.991224692718561	767.495612346359280	-1	-1	-1
2381	-1	9.524016572557331	1	0	1023.797958971132743	777.000000000000000	-1	-1	-1
2388	-1	9.809174311926654	1	0	1000.000000000000000	767.000000000000000	-1	-1	-1
2006	0.9	8.413481637197975	2	2	912.325397648947956	742.383786553947175	740.9590952230308	607.8003771551726	13.407189668607568
2060	0.8	9.557192006310084	2	4	896.877859597882662	732.792943052911255	-1	-1	-1
2063	-1	5.722018348623806	2	0	911.700558510677752	740.324860372330591	-1	-1	-1
2084	-1	9.557192006310084	2	0	896.000000000000000	756.948221624995085	-1	-1	-1
2085	1	4.083876887619790	2	1	899.369171232326948	757.584198626288298	-1	-1	-1
2088	-1	8.326145057758959	2	0	911.935118485896510	740.961071091537974	-1	-1	-1
2098	-1	5.889464323447235	2	0	904.000000000000000	756.948221624995085	-1	-1	-1
2119	0.9	9.028729893396282	2	3	889.090004269855626	738.696668089951913	740.9590952230308	607.8003771551726	3.9214931221139437
899	1	7.402041157581415	3	1	399.200252130354443	648.490954932791738	-1	-1	-1
930	-1	6.983056120951362	3	0	384.158622844826766	636.682754310346468	-1	-1	-1
944	-1	3.465893287157248	3	0	392.457252408877991	655.914504817755983	-1	-1	-1
443	0.8	10.964241452246794	4	3	177.509217984402284	632.287094821836831	133.8454726765058	531.9419157608696	2.443816357986899
460	-1	7.402041157581415	4	0	175.231690300329774	631.947182832783710	-1	-1	-1
461	-1	9.837729448200440	4	0	176.785744843341405	663.857163228894251	-1	-1	-1
470	1	8.170623614168687	4	1	168.621432178795402	632.824987374215993	-1	-1	-1
471	-1	7.708915580610627	4	0	166.000000000000000	661.971757226634054	-1	-1	-1
472	-1	8.170623614168687	4	0	172.698188569392698	631.952717145910924	-1	-1	-1
473	0.7	11.691736999353079	4	4	163.762364555086407	660.425812669481616	-1	-1	-1
474	-1	9.557192006310103	4	0	188.333051278379514	655.333051278379457	-1	-1	-1
475	-1	8.834196485170805	4	0	175.064753353132829	631.935246646867199	-1	-1	-1
476	-1	6.584112632896345	4	0	186.785167256181893	657.785167256181921	-1	-1	-1
478	-1	5.714843750000000	4	0	188.333051278379514	655.333051278379457	-1	-1	-1
479	-1	4.621191049542984	4	0	175.988372411705171	663.976744823410399	-1	-1	-1
489	-1	4.966173949444449	4	0	181.333051278379514	633.666948721620543	-1	-1	-1
490	-1	13.164409643768222	4	0	189.899538889580498	645.467281480559336	-1	-1	-1
494	-1	5.164055088817706	4	0	190.066800669339983	649.033400334669977	-1	-1	-1
498	-1	10.328110177635413	4	0	184.733592129385215	660.000000000000000	-1	-1	-1
499	-1	13.465511736497474	4	0	177.674967700204490	663.674967700204434	-1	-1	-1
501	-1	4.087155963302763	4	0	189.699967105227557	651.566655701742548	-1	-1	-1
503	-1	13.168225265792705	4	0	187.933428028774529	656.066571971225471	-1	-1	-1
504	-1	7.532342525628691	4	0	188.940214188558343	654.000000000000000	-1	-1	-1
505	0.9	8.838460503667864	4	2	187.776983363389633	639.669049909831074	147.6280733944954	539.8078125000001	1.0328110177636096
506	-1	11.345494865699475	4	0	167.610980595380198	633.221961190760453	-1	-1	-1
507	0.7	13.168225265792705	4	5	181.975287183025529	661.985878390300286	147.6280733944954	539.8078125000001	1.3176615744964597
510	-1	7.535898804631523	4	0	183.000000000000000	661.349531826996781	-1	-1	-1
513	-1	8.802481588397123	4	0	186.762851268029749	638.185743659851141	-1	-1	-1
208	-1	6.539449541284398	5	0	63.500000000000000	539.000000000000000	-1	-1	-1
211	1	2.944732161723602	5	1	60.229496021857649	531.385251989071207	-1	-1	-1
212	-1	5.482120726123397	5	0	51.965974145217643	549.448961217826422	-1	-1	-1
232	1	5.944090687889266	5	2	46.868499860655291	530.476227006705585	-1	-1	-1
1238	0.7	18.631493039518290	6	5	550.364834066962999	310.008217582686029	-1	-1	-1
1239	0.9	12.065827101240744	6	2	557.581386100958753	274.386059458657712	442.30458715596325	242.85859375000004	1.5329393518280898
1295	0.9	12.503690147336620	6	4	556.560428729554019	309.848342983643249	442.30458715596325	242.85859374999993	3.2340511650729313
1337	-1	5.477995412011254	6	0	561.139287438099245	275.721425123801509	-1	-1	-1
1345	1	10.738459568790081	6	1	567.551716923491085	281.068964615436414	-1	-1	-1
1346	-1	7.392986279095782	6	0	569.858330405246761	298.858330405246761	-1	-1	-1
1347	-1	1.155297762385736	6	0	564.830432572598625	278.169567427401375	-1	-1	-1
1350	-1	5.773008993726624	6	0	565.132481620672820	278.433759189663590	-1	-1	-1
1351	-1	2.582027544408848	6	0	567.635959590869561	302.817979795434780	-1	-1	-1
1352	-1	9.830918244007496	6	0	566.683566786477854	304.000000000000000	-1	-1	-1
1360	-1	0.817431192660536	6	0	568.443972638358787	301.629315092239210	-1	-1	-1
1361	-1	7.392986279095782	6	0	565.803765773342548	304.934588591114164	-1	-1	-1
1362	-1	9.830918244007496	6	0	562.621737192367618	307.448694876947059	-1	-1	-1
1363	-1	9.830918244007496	6	0	566.683566786477854	304.000000000000000	-1	-1	-1
1367	-1	3.465893287157248	6	0	560.854473517970291	308.417894071880937	-1	-1	-1
1369	-1	8.167753775239580	6	0	559.000000000000000	309.182549286994629	-1	-1	-1
1370	-1	9.136867876872353	6	0	569.960686663425463	298.601144439042457	-1	-1	-1
1379	-1	12.251630662859371	6	0	570.941102068914233	295.058897931085767	-1	-1	-1
1385	-1	10.110320131781792	6	0	568.238009555630242	301.952038222521082	-1	-1	-1
1388	1	12.448319801055838	6	3	538.334293242110448	302.777617792981573	-1	-1	-1
147	1	9.836282461945112	7	1	111.808891637488159	282.952222909372040	-1	-1	-1
289	1	9.969624390411827	7	2	89.000000000000000	300.498620624045600	-1	-1	-1
293	-1	4.764820705306001	7	0	100.371392789130880	270.504809614492160	-1	-1	-1
296	0.9	10.328110177635413	7	3	84.309899778401387	274.929699335204134	-1	-1	-1
332	-1	8.049099376583404	7	0	110.499298202410543	292.998596404821058	-1	-1	-1
333	-1	9.028729893396267	7	0	109.078031784948138	276.609841075259340	-1	-1	-1
1782	1	3.269724770642256	8	1	765.229237765577636	239.559564437472972	-1	-1	-1
1804	-1	2.310595524771472	8	0	761.310017301089829	232.155008650544914	-1	-1	-1
1015	0.9	7.309494301497863	9	3	448.064089256717352	217.064089256717352	358.0348623853211	168.99609375	1.155297762385736
1050	0.9	7.535898804631550	9	4	446.915750214526952	202.542124892736524	358.0348623853211	168.99609375	1.827373575374491
1079	-1	4.087155963302735	9	0	451.649195758964765	213.883065252988246	-1	-1	-1
1080	-1	4.085311807084343	9	0	452.091544260596550	207.000000000000000	-1	-1	-1
1084	-1	3.654747150748932	9	0	441.000000000000000	216.579513659838398	-1	-1	-1
1085	1	1.827373575374440	9	1	452.649195758964765	210.883065252988246	-1	-1	-1
1086	-1	1.825998470670410	9	0	452.003271522841885	213.200654304568388	-1	-1	-1
1091	-1	1.155297762385736	9	0	452.260200914862196	212.565050228715563	-1	-1	-1
1103	-1	2.946153501222629	9	0	452.566952143813069	208.574785892140198	-1	-1	-1
1104	-1	4.167896715778855	9	0	452.634788798650561	209.000000000000000	-1	-1	-1
1110	1	5.779966535113090	9	2	438.330358877121682	206.152158099400339	-1	-1	-1
331	0.9	12.762124321039471	10	3	153.690564439632567	157.061370995924847	116.89266055045871	131.44140625	0.0
389	0.9	12.762124321039471	10	4	161.615362517374365	183.338435020849232	116.89266055045871	131.44140625	0.0
411	-1	10.397679861471723	10	0	168.934249049694017	169.644749683231339	-1	-1	-1
416	-1	7.025972029212419	10	0	168.793331480451968	173.396665740225984	-1	-1	-1
417	-1	8.042335011917574	10	0	165.723805294763622	162.000000000000000	-1	-1	-1
423	1	8.167753775239564	10	2	162.461265680959713	182.846075908845620	-1	-1	-1
425	-1	5.776488811928729	10	0	150.000000000000000	184.076696830622012	-1	-1	-1
426	-1	7.025972029212419	10	0	153.457375771237963	157.085248457524074	-1	-1	-1
427	-1	7.392986279095783	10	0	165.723805294763622	162.000000000000000	-1	-1	-1
428	-1	4.762008286278658	10	0	168.076696830622012	166.000000000000000	-1	-1	-1
436	-1	1.632812500000000	10	0	163.848857801796100	160.151142198203900	-1	-1	-1
465	1	7.708915580610640	10	1	142.530383189345258	164.635358879289697	-1	-1	-1
1573	1	2.584620466847922	14	1	701.053563238564948	72.514878677379158	-1	-1	-1
1650	1	4.764820705305989	14	2	688.660450740982355	66.031816179464414	-1	-1	-1
