# Column 1-3: misorientation axis in TSL Euler coordinates
# Column 4: alpha (in plane angle)
# Column 5: beta (out of plane angle)
# Column 6: misorientation angle
0.74	0.41	0.54	28.86	32.90	51.22
-0.55	0.11	0.83	168.91	55.64	59.80
0.74	0.56	0.37	36.85	21.51	14.42
0.90	0.43	0.08	25.32	4.43	46.34
0.86	0.36	0.36	22.65	21.36	79.56
-0.99	0.09	0.10	175.01	5.80	51.35
-0.92	-0.09	0.39	185.90	22.93	17.45
-0.06	-0.83	0.55	266.02	33.46	29.33
0.81	-0.54	0.22	326.47	12.52	84.99
0.11	-0.92	0.38	276.74	22.64	39.32
0.78	0.54	0.31	34.83	18.20	29.86
-0.95	0.13	0.30	172.31	17.40	17.23
-0.82	0.55	0.17	146.26	9.86	64.89
0.12	0.59	0.80	78.48	53.10	53.14
0.11	0.21	0.97	62.92	76.65	58.41
-0.98	0.11	0.15	173.57	8.68	67.30
-0.50	0.29	0.82	149.85	54.85	41.43
-0.43	0.02	0.90	177.96	64.22	59.04
-0.81	0.26	0.53	161.89	31.85	20.15
-0.42	-0.90	0.14	244.96	7.77	21.21
0.69	0.65	0.31	43.42	18.11	57.53
-0.18	-0.12	0.98	212.90	77.54	56.14
-0.20	0.17	0.96	139.98	74.60	70.53
0.62	0.44	0.64	35.36	40.13	64.28
0.49	-0.77	0.41	302.76	24.02	45.81
-0.69	-0.44	0.57	212.65	34.96	23.69
0.50	-0.67	0.55	306.33	33.25	39.51
0.64	-0.56	0.52	318.72	31.47	64.78
0.33	-0.50	0.80	302.95	53.28	47.93
0.89	0.22	0.40	13.87	23.36	50.78
0.96	0.16	0.24	9.61	13.76	77.29
-0.22	0.96	0.16	102.85	9.18	64.06
0.44	0.67	0.60	56.69	36.80	60.74
-0.93	0.37	0.06	158.36	3.32	92.61
0.32	-0.92	0.24	289.11	14.07	27.78
-0.95	0.13	0.29	172.20	16.61	63.13
-0.39	0.79	0.48	116.58	28.37	56.89
-0.10	-0.38	0.92	255.25	66.75	64.88
0.22	-0.97	0.06	282.59	3.40	40.49
-0.33	-0.39	0.86	230.48	59.24	65.60
0.22	0.39	0.89	60.63	63.27	96.30
-0.28	0.58	0.77	115.92	50.11	84.39
-0.84	0.12	0.53	172.06	31.81	16.88
0.89	0.41	0.19	24.51	10.98	88.84
-0.98	0.05	0.21	177.36	12.13	66.88
-0.96	0.04	0.26	177.49	15.16	83.94
0.98	-0.15	0.11	351.60	6.12	83.30
-0.28	-0.49	0.82	240.09	55.53	34.17
-0.37	0.91	0.19	112.28	10.76	70.89
-0.72	0.56	0.42	142.23	24.67	45.09
-0.83	-0.26	0.50	197.42	29.91	38.65
-0.94	-0.31	0.12	198.26	6.98	61.80
-0.93	0.15	0.33	170.59	19.51	44.02
-0.92	0.16	0.36	170.08	21.18	26.81
-0.83	0.47	0.29	150.30	17.00	89.75
0.74	-0.41	0.53	331.23	32.05	71.98
-0.85	0.48	0.23	150.79	13.20	74.59
0.58	-0.71	0.40	309.40	23.46	76.80
-0.81	0.48	0.34	149.17	19.93	78.24
-0.17	-0.84	0.51	258.49	30.87	30.59
-0.86	-0.09	0.51	185.93	30.47	77.36
0.17	0.51	0.84	71.46	57.30	99.54
0.18	0.52	0.84	70.86	56.62	99.85
0.75	0.25	0.62	18.42	38.22	70.38
0.69	0.45	0.57	33.52	34.73	80.71
0.82	0.24	0.52	16.20	31.57	85.34
-0.96	0.20	0.19	168.13	10.75	55.31
-0.93	-0.09	0.36	185.79	20.89	63.68
-0.79	-0.36	0.50	204.30	30.01	43.71
-0.07	0.74	0.67	95.60	41.92	44.65
0.23	-0.78	0.58	286.06	35.24	46.24
0.02	0.76	0.65	88.16	40.25	66.51
-0.21	-0.96	0.20	257.83	11.33	55.27
0.75	-0.45	0.49	329.14	29.62	62.40
-0.25	-0.70	0.66	250.21	41.62	59.02
-0.90	-0.39	0.17	203.54	9.54	42.15
0.05	-0.20	0.98	283.64	78.20	53.59
0.32	0.16	0.93	26.30	68.89	42.95
-0.72	-0.24	0.65	198.17	40.31	45.26
-0.13	-0.38	0.91	251.45	66.14	63.92
0.09	-0.87	0.48	276.00	28.77	45.94
0.76	0.20	0.63	14.55	38.72	38.25
-0.86	0.35	0.36	157.78	21.09	47.56
0.62	-0.76	0.19	308.97	11.08	72.11
0.06	0.26	0.96	76.26	74.57	45.65
-0.95	-0.15	0.29	188.82	16.76	68.76
0.33	-0.50	0.80	303.65	53.28	36.99
0.66	0.68	0.32	46.15	18.37	85.66
0.59	0.68	0.43	48.72	25.69	51.41
-0.36	0.66	0.66	118.46	41.63	15.34
-0.35	0.92	0.18	110.76	10.48	52.63
0.89	-0.01	0.45	359.46	27.06	66.81
-0.24	-0.97	0.08	256.18	4.61	43.69
-0.12	0.57	0.81	102.32	54.38	40.85
-0.51	0.27	0.82	151.99	54.89	28.82
0.98	0.19	0.01	11.04	0.55	45.23
0.07	-0.70	0.71	275.67	45.20	40.99
0.45	0.83	0.34	61.33	19.77	71.21
-0.68	0.62	0.38	137.53	22.31	82.62
-0.59	0.70	0.41	129.98	24.08	76.71
-0.80	0.34	0.50	157.05	29.69	87.78
-0.50	-0.84	0.23	239.27	13.47	29.57
-0.87	0.43	0.26	153.66	14.99	75.70
-0.73	0.67	0.08	137.42	4.61	59.93
0.58	0.63	0.52	47.28	31.66	51.23
-0.33	0.94	0.07	109.21	3.74	19.22
-0.82	0.26	0.50	162.20	29.98	15.97
0.74	-0.41	0.53	331.23	32.05	71.98
0.34	0.89	0.31	68.86	17.91	43.19
0.77	0.48	0.42	31.95	24.74	85.90
0.85	0.52	0.10	31.35	5.60	99.18
0.85	0.52	0.10	31.35	5.60	99.18
-0.68	0.43	0.60	147.61	36.67	45.52
0.37	0.86	0.36	66.91	21.03	92.39
0.91	-0.29	0.31	342.18	17.95	64.95
0.65	0.34	0.68	27.55	43.15	53.47
-0.99	0.13	0.04	172.35	2.47	69.40
-0.27	0.18	0.95	145.63	70.92	25.43
0.86	0.37	0.36	23.17	21.31	55.97
0.23	0.90	0.37	75.54	21.67	12.63
0.77	0.46	0.45	30.88	26.63	64.97
-0.42	0.77	0.49	118.54	29.27	63.60
0.96	-0.13	0.25	352.55	14.64	17.26
0.55	-0.63	0.55	311.13	33.29	49.01
-0.66	-0.75	0.03	228.83	1.99	73.39
-0.39	-0.06	0.92	188.76	66.67	48.29
0.98	-0.13	0.15	352.16	8.65	26.11
0.29	-0.08	0.95	344.08	72.66	52.77
0.12	-0.48	0.87	284.61	60.43	57.71
-0.19	-0.90	0.40	258.29	23.37	41.56
0.37	0.36	0.86	44.18	59.06	58.24
-0.25	0.38	0.89	123.38	63.06	79.58
0.37	0.36	0.86	44.18	59.06	58.24
-0.15	0.68	0.72	102.15	45.72	29.74
0.97	-0.20	0.16	348.07	9.47	42.71
0.87	0.27	0.42	17.61	24.76	88.52
-0.96	-0.28	0.03	196.19	1.90	76.24
0.26	0.86	0.44	72.94	26.09	68.82
0.87	-0.16	0.46	349.33	27.23	36.17
0.95	-0.30	0.10	342.68	5.78	40.80
0.90	-0.43	0.10	334.48	5.47	94.59
0.34	-0.94	0.10	289.70	5.51	49.31
-0.01	0.45	0.89	91.30	63.08	23.02
-0.01	0.45	0.89	91.30	63.08	23.02
-0.13	0.73	0.67	99.88	42.05	25.84
0.98	-0.19	0.10	348.93	5.54	73.08
-0.79	-0.09	0.60	186.22	37.10	13.07
-0.68	0.68	0.26	135.13	15.05	73.72
-0.68	0.68	0.26	135.13	15.05	73.72
0.02	0.94	0.35	88.71	20.66	36.56
0.70	0.06	0.71	5.00	45.63	47.47
-0.74	0.42	0.52	150.25	31.58	30.22
-0.64	0.59	0.49	137.56	29.13	14.79
0.09	-0.34	0.94	284.13	69.47	48.76
0.73	0.02	0.68	1.72	43.08	18.81
0.73	0.02	0.68	1.72	43.08	18.81
0.73	0.02	0.68	1.72	43.08	18.81
0.73	0.02	0.68	1.72	43.08	18.81
-0.18	-0.47	0.86	248.83	59.75	46.94
0.49	0.86	0.16	60.12	9.35	75.10
0.23	0.95	0.22	76.55	12.52	19.12
-0.63	0.11	0.77	170.20	50.57	15.17
-0.73	-0.68	0.10	223.00	5.62	19.75
-0.25	-0.41	0.88	238.13	61.15	56.98
0.12	-0.48	0.87	284.61	60.43	57.71
0.45	0.47	0.76	46.40	49.53	57.61
0.98	0.07	0.20	4.05	11.48	79.09
0.43	0.84	0.34	62.75	19.82	48.51
0.53	-0.50	0.69	316.42	43.49	29.99
-0.31	0.78	0.54	111.75	32.52	73.76
0.74	-0.35	0.58	334.37	35.18	81.55
0.38	0.10	0.92	15.25	66.77	61.16
0.83	0.50	0.24	30.96	14.16	44.94
-0.98	0.21	0.07	167.90	3.76	66.49
0.81	-0.17	0.56	348.23	34.17	65.74
-0.67	0.58	0.46	139.20	27.11	30.27
0.58	0.63	0.52	47.28	31.66	51.23
-0.20	0.93	0.32	102.29	18.61	29.60
-0.20	0.93	0.32	102.29	18.61	29.60
-0.46	-0.87	0.16	242.26	9.08	49.61
-0.46	-0.87	0.16	242.26	9.08	49.61
-0.20	-0.98	0.03	258.53	1.46	81.00
-0.86	0.41	0.30	154.73	17.71	72.68
0.34	0.86	0.40	68.55	23.28	32.06
0.12	0.76	0.64	80.87	39.91	63.79
0.12	0.76	0.64	80.87	39.91	63.79
-0.81	0.43	0.41	151.91	24.01	50.97
0.64	0.44	0.63	34.60	38.75	54.90
-0.03	-1.00	0.03	268.43	1.43	86.15
-0.03	-1.00	0.03	268.43	1.43	86.15
-0.65	0.46	0.61	144.82	37.70	14.15
0.11	-0.96	0.26	276.42	15.08	44.43
-0.42	0.62	0.67	124.13	41.95	66.36
-0.86	-0.17	0.49	191.31	29.18	22.10
-0.40	-0.79	0.47	243.13	27.94	26.93
0.62	-0.22	0.75	340.64	48.73	40.59
0.80	-0.51	0.32	327.61	18.65	15.57
-0.30	0.95	0.13	107.52	7.28	17.54
-0.60	-0.71	0.36	229.94	21.01	71.39
0.40	0.84	0.36	64.46	21.18	76.23
-0.61	0.79	0.04	127.92	2.03	23.01
0.71	0.05	0.70	3.73	44.39	59.67
0.71	0.05	0.70	3.73	44.39	59.67
0.47	0.70	0.54	55.86	32.85	58.11
0.43	0.63	0.65	56.08	40.25	59.48
-0.75	0.39	0.54	152.47	32.75	48.33
0.03	0.61	0.79	86.99	52.38	62.88
0.27	0.67	0.69	68.23	43.66	65.98
0.15	-0.49	0.86	287.29	58.78	17.48
0.39	0.58	0.71	56.18	45.27	61.77
0.69	0.15	0.71	12.36	45.02	56.23
0.26	-0.96	0.15	285.03	8.44	10.15
-0.37	0.55	0.75	123.47	48.37	63.61
0.42	0.14	0.90	18.79	63.98	23.37
0.86	-0.04	0.51	357.47	30.55	58.50
-0.78	-0.59	0.19	216.85	11.21	30.37
0.15	-0.49	0.86	287.29	58.78	17.48
0.83	-0.52	0.21	327.92	11.89	84.31
0.22	-0.24	0.95	313.38	71.08	70.50
-0.15	0.70	0.70	102.38	44.05	62.70
0.99	-0.05	0.11	357.17	6.51	52.57
0.99	-0.05	0.11	357.17	6.51	52.57
-0.46	0.13	0.88	163.68	61.53	30.92
-0.20	-0.04	0.98	191.81	78.04	43.84
0.95	0.16	0.28	9.56	16.02	69.50
0.24	0.87	0.44	74.43	26.04	84.67
0.93	0.15	0.33	9.13	18.98	14.16
0.77	-0.59	0.24	322.59	14.17	66.79
-0.33	-0.02	0.95	183.58	70.93	56.24
-0.83	-0.51	0.24	211.63	14.06	24.38
-0.69	-0.48	0.53	214.78	32.21	76.36
-0.07	-0.81	0.59	265.11	36.02	58.18
0.16	0.82	0.55	79.28	33.40	31.84
0.79	0.29	0.54	20.36	32.38	26.46
0.77	-0.43	0.48	330.88	28.54	84.32
0.27	0.96	0.10	74.35	5.84	46.86
0.27	-0.60	0.75	294.34	48.53	47.09
-0.70	0.38	0.61	151.61	37.45	60.40
0.33	0.83	0.46	68.39	27.30	66.86
-0.18	0.98	0.10	100.31	5.87	58.27
-0.41	-0.23	0.88	208.65	61.92	87.64
-0.41	-0.14	0.90	199.08	63.97	61.08
-0.41	-0.14	0.90	199.08	63.97	61.08
-0.02	-0.98	0.20	268.68	11.51	70.45
0.21	0.78	0.59	74.81	36.01	22.62
0.37	0.37	0.85	45.30	58.53	52.65
-0.67	-0.66	0.34	224.24	19.86	19.49
0.86	0.03	0.51	1.67	30.67	51.48
-0.92	0.28	0.28	163.03	16.24	54.73
0.69	-0.60	0.40	318.73	23.89	46.73
-0.70	-0.48	0.53	214.35	32.08	69.21
-0.61	-0.61	0.50	225.25	30.23	57.77
0.19	-0.90	0.40	281.97	23.39	53.84
-0.64	-0.69	0.34	227.09	19.78	85.65
0.07	1.00	0.06	86.25	3.21	60.01
0.54	-0.15	0.83	344.96	55.93	44.88
0.46	-0.48	0.75	314.01	48.26	51.11
-0.66	-0.02	0.75	181.79	48.32	24.09
0.02	1.00	0.07	89.11	4.06	44.23
0.10	0.16	0.98	58.09	79.43	59.50
0.77	0.54	0.35	35.32	20.26	50.35
0.50	0.83	0.23	58.91	13.02	68.79
-0.40	0.79	0.46	116.75	27.68	88.11
0.02	0.14	0.99	81.90	82.01	62.04
0.81	-0.57	0.14	325.20	7.84	53.41
0.53	0.59	0.60	48.04	36.88	60.47
-0.52	0.82	0.24	122.13	13.95	27.31
-0.45	-0.76	0.47	239.28	27.81	66.68
-0.21	0.14	0.97	145.08	75.42	45.95
0.41	0.69	0.60	59.22	36.71	64.60
0.14	-0.94	0.30	278.16	17.37	32.00
0.67	-0.59	0.45	318.58	26.73	26.16
0.78	0.42	0.46	28.40	27.67	75.66
-0.35	0.10	0.93	164.03	68.87	65.10
-1.00	0.09	0.02	174.65	1.12	41.22
-1.00	0.09	0.02	174.65	1.12	41.22
0.14	0.69	0.70	78.28	44.80	48.85
0.70	0.72	0.02	45.70	1.04	22.08
0.72	-0.53	0.44	323.64	26.34	12.28
-0.97	0.20	0.14	168.55	8.08	25.31
-0.14	0.73	0.67	100.96	41.97	21.98
-0.71	0.69	0.14	135.77	8.13	10.03
0.31	-0.92	0.25	288.61	14.32	39.70
0.72	-0.53	0.44	323.64	26.34	12.28
0.66	-0.29	0.69	336.60	43.59	18.04
0.66	-0.29	0.69	336.60	43.59	18.04
-0.60	0.04	0.80	176.52	53.16	60.25
-0.60	0.04	0.80	176.52	53.16	60.25
0.90	-0.36	0.23	338.10	13.11	47.43
0.90	-0.36	0.23	338.10	13.11	47.43
-0.41	-0.90	0.15	245.61	8.36	14.55
0.47	0.16	0.87	18.39	60.25	44.30
-0.83	0.49	0.27	149.68	15.73	82.02
0.11	-0.90	0.42	277.13	24.75	21.22
-0.71	0.70	0.07	135.49	4.29	29.87
-0.43	0.42	0.80	135.70	52.78	69.65
-0.77	-0.58	0.26	216.65	15.21	82.49
-0.87	-0.06	0.48	183.92	28.87	66.32
-0.63	-0.65	0.43	225.76	25.18	79.39
-0.95	-0.08	0.30	184.89	17.41	65.18
0.26	-0.24	0.93	317.60	69.01	64.46
0.69	-0.05	0.72	355.90	45.99	74.76
0.67	0.74	0.08	47.97	4.47	35.34
-0.97	0.25	0.04	165.73	2.12	30.74
0.59	0.64	0.49	47.29	29.30	68.48
-0.35	-0.93	0.10	249.66	5.63	72.27
0.74	0.44	0.51	30.86	30.39	22.09
-0.51	-0.86	0.02	239.15	1.19	32.09
0.83	0.17	0.53	11.54	31.79	20.56
-0.98	0.01	0.20	179.55	11.39	34.05
0.75	0.52	0.41	34.92	24.16	75.58
0.57	-0.02	0.82	358.30	55.20	22.78
0.54	-0.83	0.16	302.85	9.29	20.44
0.54	-0.83	0.16	302.85	9.29	20.44
-0.79	-0.60	0.08	217.16	4.55	9.45
0.32	0.87	0.36	69.86	21.32	68.89
-0.11	0.89	0.44	97.00	26.19	55.36
0.75	-0.65	0.15	319.11	8.78	26.64
0.67	0.30	0.68	23.94	42.66	60.12
0.12	0.92	0.38	82.80	22.21	59.48
0.43	-0.74	0.52	299.86	31.26	55.92
0.91	-0.24	0.33	345.03	19.38	49.06
-0.34	-0.69	0.64	244.05	39.52	96.98
-0.06	-0.40	0.91	261.19	66.05	74.16
0.57	-0.80	0.18	305.28	10.20	49.81
-0.23	-0.97	0.11	256.48	6.37	5.15
0.99	-0.14	0.08	351.66	4.63	51.92
-0.55	0.69	0.46	128.70	27.52	93.18
-0.55	0.54	0.63	135.35	39.40	96.19
-0.83	-0.51	0.22	211.74	12.83	12.13
0.44	0.83	0.35	61.83	20.55	77.08
0.82	-0.55	0.16	325.94	9.00	71.28
0.39	0.42	0.82	46.81	55.30	75.67
0.77	-0.33	0.55	336.73	33.28	67.24
-0.79	0.43	0.43	151.83	25.60	54.27
-0.79	0.43	0.43	151.83	25.60	54.27
-0.38	0.34	0.86	138.37	59.57	62.12
-0.43	0.47	0.77	132.47	50.06	59.57
-0.23	0.97	0.08	103.47	4.34	13.04
0.98	-0.22	0.01	347.54	0.56	43.78
-0.26	-0.79	0.56	251.92	34.03	10.52
-0.34	-0.31	0.89	222.19	62.34	69.05
0.35	0.53	0.77	56.76	50.42	57.13
0.92	-0.34	0.21	339.56	12.20	44.18
-0.99	0.09	0.06	174.72	3.71	51.27
0.02	-0.76	0.65	271.71	40.65	42.40
0.79	-0.60	0.09	322.92	5.32	23.24
-0.80	-0.29	0.52	199.79	31.49	70.40
0.76	-0.55	0.34	324.36	19.99	38.55
0.44	-0.86	0.26	297.30	15.36	73.05
-0.71	0.30	0.64	156.74	39.85	79.98
-0.22	0.84	0.50	104.70	29.96	76.55
-0.22	0.94	0.26	103.31	14.83	59.21
-0.40	0.68	0.62	120.49	37.98	75.78
0.34	-0.90	0.28	290.64	16.03	47.36
-0.97	0.23	0.00	166.78	0.09	44.03
0.58	-0.81	0.13	305.60	7.41	26.46
-0.16	0.71	0.69	102.52	43.25	76.93
0.92	-0.34	0.22	339.61	12.50	44.10
-0.28	-0.73	0.62	248.73	38.51	10.82
-0.34	-0.31	0.89	222.19	62.34	69.05
-0.59	-0.76	0.29	232.19	16.92	79.41
-0.22	0.59	0.78	109.96	50.81	26.81
-0.22	0.59	0.78	109.96	50.81	26.81
0.65	-0.54	0.53	320.40	31.83	65.21
0.41	0.47	0.78	49.30	51.46	57.54
-0.38	0.42	0.83	132.01	55.72	25.02
0.69	0.56	0.47	39.14	27.86	43.82
0.59	0.52	0.61	41.21	37.92	60.26
0.68	0.72	0.12	46.53	6.69	59.28
-0.37	-0.08	0.93	192.14	67.97	59.54
-0.06	0.99	0.09	93.25	4.92	58.18
0.77	-0.58	0.27	323.00	15.56	37.64
-0.62	0.68	0.39	132.14	22.93	15.29
-0.70	-0.10	0.70	188.10	44.75	32.15
-0.77	0.46	0.45	149.19	26.61	51.85
-0.56	0.63	0.54	131.36	32.68	6.14
-0.10	-0.70	0.71	261.91	45.25	41.96
0.11	0.98	0.19	83.66	10.82	22.94
0.77	0.64	0.01	39.50	0.30	71.75
-0.43	0.57	0.70	126.89	44.73	71.94
-0.16	-0.99	0.04	260.93	2.14	46.78
-0.98	0.18	0.09	169.83	5.02	55.42
-0.53	0.49	0.69	137.16	43.75	25.38
0.40	0.09	0.91	12.22	66.03	17.34
-0.62	0.68	0.39	132.14	22.93	15.29
0.45	-0.32	0.83	323.99	56.58	17.19
-0.94	0.02	0.34	178.64	19.69	14.84
-0.47	0.36	0.81	142.96	53.85	44.58
0.50	0.85	0.16	59.79	9.18	26.10
-0.25	-0.01	0.97	183.25	75.56	61.56
-0.25	-0.01	0.97	183.25	75.56	61.56
-0.25	-0.01	0.97	183.25	75.56	61.56
-0.09	-0.37	0.93	256.26	67.76	63.19
-0.85	-0.26	0.47	197.03	27.78	59.75
-0.08	0.76	0.64	96.20	39.84	61.03
-0.27	0.53	0.81	116.99	53.79	13.71
0.83	-0.51	0.23	328.38	13.13	53.15
0.22	-0.50	0.84	294.16	57.11	53.39
0.68	0.43	0.59	32.37	36.36	67.18
0.50	-0.60	0.62	309.75	38.29	34.47
0.32	0.04	0.95	7.51	70.91	58.54
0.16	0.49	0.86	71.80	58.92	54.44
-0.76	0.35	0.54	155.11	32.90	12.84
0.27	-0.02	0.96	354.93	74.45	19.41
0.32	-0.58	0.75	299.16	48.34	63.09
-0.49	-0.21	0.85	203.04	57.76	38.03
-0.30	-0.43	0.85	234.74	58.49	24.52
-0.30	-0.43	0.85	234.74	58.49	24.52
0.20	0.81	0.55	76.31	33.11	87.53
0.78	0.55	0.29	35.07	16.77	45.49
0.30	-0.45	0.84	303.35	57.36	12.51
0.02	-0.16	0.99	278.25	80.67	60.25
0.59	-0.06	0.80	354.24	53.53	81.77
-0.36	-0.58	0.73	238.24	46.74	81.83
-0.81	0.30	0.50	159.73	29.97	60.38
0.62	0.25	0.74	22.13	47.97	54.07
-0.05	-0.92	0.40	266.92	23.36	16.30
-0.05	-0.92	0.40	266.92	23.36	16.30
-0.71	-0.39	0.59	208.62	36.10	68.70
-0.70	-0.69	0.15	224.60	8.70	91.22
-0.03	-0.29	0.96	263.57	73.01	71.31
0.79	-0.60	0.09	322.92	5.32	23.24
-0.53	-0.59	0.60	227.86	37.22	60.52
-0.84	-0.02	0.54	181.15	32.63	80.32
0.33	-0.75	0.57	293.64	35.03	66.55
0.15	0.99	0.05	81.59	3.00	73.63
-0.06	0.53	0.85	96.03	57.97	66.78
0.97	-0.17	0.19	349.85	10.66	80.38
-0.91	0.41	0.07	155.80	4.18	74.32
-0.72	0.55	0.43	142.67	25.33	79.83
0.89	0.23	0.39	14.59	22.81	70.16
-0.85	0.53	0.04	147.93	2.11	56.05
0.68	0.36	0.64	27.69	39.81	85.60
0.77	0.59	0.22	37.55	12.83	82.54
0.13	0.93	0.34	81.94	20.03	9.73
-0.94	0.35	0.06	159.66	3.54	56.81
-0.49	-0.74	0.47	236.57	27.80	54.75
-0.51	0.28	0.81	150.72	54.43	35.50
0.90	-0.39	0.21	336.74	12.36	54.19
-0.48	-0.85	0.21	240.59	12.32	82.88
0.77	0.52	0.38	34.00	22.31	24.77
-0.76	0.39	0.52	153.02	31.31	53.21
0.37	0.63	0.68	59.77	43.00	71.17
-0.97	-0.22	0.01	192.97	0.52	60.86
-0.97	-0.22	0.01	192.97	0.52	60.86
-0.99	0.05	0.11	177.04	6.32	70.11
-0.99	0.00	0.11	179.73	6.08	77.58
0.61	0.76	0.22	51.01	12.67	33.49
0.03	-0.59	0.81	273.36	53.77	36.17
0.50	0.62	0.60	50.78	37.18	50.86
-0.98	0.19	0.02	168.81	1.08	49.89
-0.35	-0.89	0.30	248.72	17.46	32.01
-0.35	-0.89	0.30	248.72	17.46	32.01
-0.77	0.13	0.62	170.32	38.45	28.56
-0.95	0.23	0.23	166.05	13.06	28.30
0.66	-0.73	0.17	312.22	9.94	7.47
0.30	0.17	0.94	29.39	69.69	56.35
-0.98	0.10	0.14	173.94	7.96	25.03
-0.82	-0.23	0.52	195.51	31.13	22.00
-0.97	0.25	0.02	165.36	1.42	52.15
0.67	0.40	0.63	30.78	39.12	81.24
-0.96	0.00	0.29	179.91	16.67	74.11
-0.56	-0.83	0.02	235.66	0.87	70.50
0.69	-0.59	0.43	319.49	25.72	61.05
1.00	0.10	0.00	5.50	0.23	16.68
0.05	-0.99	0.09	272.88	5.29	71.22
-0.17	-0.92	0.34	259.27	20.05	35.54
-0.38	-0.60	0.71	237.24	44.85	57.56
0.74	-0.63	0.25	319.64	14.73	59.66
0.52	0.68	0.52	52.73	31.26	29.64
-0.80	0.29	0.53	160.26	31.79	23.67
-0.21	-0.97	0.13	257.83	7.63	73.55
0.35	0.58	0.74	58.55	47.52	62.86
-0.81	-0.21	0.55	194.51	33.46	41.67
0.99	0.03	0.10	1.47	5.72	66.49
-0.64	-0.51	0.57	218.23	34.90	45.72
0.88	0.05	0.46	2.92	27.71	82.98
0.36	0.19	0.91	28.43	66.14	8.86
-0.94	0.31	0.16	161.93	9.00	47.98
-0.33	0.84	0.44	111.69	25.94	66.88
0.01	0.89	0.45	89.08	26.61	63.22
-0.58	0.65	0.49	131.69	29.61	28.70
-0.94	0.29	0.18	162.58	10.14	59.75
-0.95	0.22	0.22	167.15	12.78	11.83
-0.74	-0.38	0.56	206.93	33.72	77.26
-0.55	-0.54	0.64	223.98	39.58	60.43
0.50	-0.59	0.63	310.04	39.27	72.44
0.39	0.92	0.04	66.72	2.11	60.09
-0.35	0.92	0.16	110.79	9.04	52.62
0.56	-0.45	0.70	321.36	44.37	51.36
0.56	-0.45	0.70	321.36	44.37	51.36
-0.88	-0.12	0.47	188.11	27.78	69.96
0.46	-0.77	0.44	300.69	25.88	28.63
-0.32	0.13	0.94	157.54	69.59	13.99
-0.97	-0.07	0.22	184.25	12.60	19.29
0.12	0.80	0.58	81.22	35.73	22.37
-0.38	0.33	0.86	138.87	59.61	39.43
0.22	-0.36	0.90	301.72	64.70	60.19
-0.42	0.20	0.88	154.12	62.01	66.54
0.60	0.64	0.47	47.06	28.25	57.53
0.42	0.38	0.83	41.91	55.66	52.05
0.12	-0.28	0.95	293.61	72.35	30.49
0.12	-0.28	0.95	293.61	72.35	30.49
0.68	-0.44	0.59	327.22	36.38	39.57
-0.58	0.24	0.78	157.58	50.84	14.09
-0.21	0.58	0.78	109.99	51.53	51.09
0.47	-0.70	0.54	303.97	32.73	70.93
0.87	0.45	0.17	27.44	9.94	85.40
0.87	0.45	0.17	27.44	9.94	85.40
-0.64	-0.41	0.65	213.00	40.74	75.65
-0.11	-0.77	0.62	261.92	38.53	48.97
-0.11	-0.77	0.62	261.92	38.53	48.97
0.99	-0.15	0.03	351.31	1.57	46.28
0.06	-0.98	0.17	273.68	9.87	44.74
0.17	-0.92	0.35	280.63	20.27	70.89
0.17	-0.92	0.35	280.63	20.27	70.89
0.55	0.42	0.72	37.62	46.22	60.37
0.77	0.61	0.16	38.40	9.08	57.51
-0.22	-0.57	0.79	249.42	52.19	84.79
0.36	0.44	0.83	50.79	55.68	57.20
0.36	0.44	0.83	50.79	55.68	57.20
0.36	0.44	0.83	50.79	55.68	57.20
0.68	-0.66	0.33	316.05	19.10	77.56
0.68	-0.66	0.33	316.05	19.10	77.56
0.16	0.10	0.98	33.29	79.03	56.90
0.16	0.10	0.98	33.29	79.03	56.90
0.78	0.43	0.46	28.67	27.65	76.56
0.82	0.22	0.53	14.89	31.85	49.92
0.78	-0.50	0.37	327.15	21.91	12.46
0.91	0.12	0.41	7.74	24.01	72.77
0.99	-0.04	0.12	357.50	7.02	78.68
1.00	-0.01	0.02	359.60	1.39	68.49
-0.93	0.04	0.37	177.26	21.87	53.91
-0.74	0.65	0.15	138.83	8.86	26.27
0.93	0.30	0.20	17.96	11.59	85.88
-0.57	-0.81	0.12	235.04	6.71	28.72
-0.03	0.80	0.60	92.09	37.12	27.88
-0.04	0.98	0.18	92.53	10.12	40.41
-0.56	0.29	0.78	153.04	50.86	46.45
0.35	0.81	0.47	66.72	28.05	37.11
0.53	-0.84	0.11	302.15	6.20	59.91
-1.00	0.05	0.07	177.09	4.14	72.69
-0.82	0.37	0.44	155.48	26.18	49.70
-0.39	0.77	0.50	116.86	30.14	5.43
-0.86	-0.28	0.42	198.32	25.08	75.10
-0.21	0.16	0.96	142.06	74.70	23.84
0.68	-0.62	0.39	317.83	23.08	16.13
0.36	0.56	0.75	57.12	48.33	60.43
-0.21	-0.38	0.90	241.62	64.05	41.01
-0.92	0.05	0.39	176.81	22.99	63.39
-0.34	0.62	0.71	118.99	44.99	54.12
-0.34	0.62	0.71	118.99	44.99	54.12
-0.01	0.88	0.47	90.65	28.21	43.00
-0.56	0.38	0.73	145.66	47.10	75.24
-0.06	-0.56	0.82	264.07	55.51	29.84
0.89	-0.45	0.10	333.13	5.62	37.26
0.67	-0.59	0.44	318.84	26.42	83.15
0.67	-0.59	0.44	318.84	26.42	83.15
0.01	0.85	0.53	89.58	31.82	70.66
0.38	0.46	0.80	49.99	53.23	97.63
0.29	0.50	0.82	59.78	54.69	45.99
-0.00	0.74	0.67	90.18	41.90	41.96
-0.09	0.63	0.77	98.38	50.52	20.20
0.32	-0.34	0.88	313.34	62.01	60.82
-0.90	0.39	0.19	156.74	10.76	27.46
-0.90	0.39	0.19	156.74	10.76	27.46
-0.77	-0.60	0.22	218.26	12.85	63.33
0.81	0.24	0.53	16.23	32.19	6.99
0.06	0.95	0.30	86.50	17.17	42.95
-0.72	0.33	0.61	155.25	37.45	55.08
0.67	-0.39	0.63	329.91	39.18	13.92
0.30	0.56	0.77	61.81	50.24	108.62
0.30	0.56	0.77	61.81	50.24	108.62
-0.56	0.29	0.78	153.04	50.86	46.45
0.20	-0.11	0.97	331.34	76.59	34.97
0.01	-0.35	0.94	271.39	69.56	39.77
-0.00	-0.94	0.35	269.76	20.71	49.30
0.53	-0.77	0.37	304.44	21.70	44.27
-0.57	-0.54	0.62	223.34	38.08	43.80
0.38	0.89	0.25	66.81	14.36	17.83
0.38	-0.92	0.13	292.47	7.34	53.66
-0.75	-0.14	0.64	190.72	39.95	27.14
0.68	0.66	0.33	44.16	18.98	71.45
-0.72	0.56	0.41	142.37	23.96	51.97
0.16	0.36	0.92	65.90	66.52	31.56
-0.09	0.53	0.84	99.21	57.52	48.73
-0.93	0.33	0.15	160.44	8.35	13.44
0.20	0.92	0.34	77.50	19.62	59.75
-0.52	-0.52	0.68	225.17	42.81	34.34
-0.39	-0.43	0.82	227.81	54.60	33.75
0.49	0.51	0.71	45.81	44.88	99.52
-0.06	-0.56	0.82	264.07	55.51	29.84
0.43	-0.51	0.74	310.57	48.09	22.93
0.06	-0.54	0.84	276.22	57.25	10.36
-0.59	0.18	0.79	162.97	52.12	67.20
0.43	0.59	0.68	54.43	43.01	45.77
0.27	0.33	0.90	50.67	64.47	15.49
-0.99	0.09	0.11	174.71	6.15	18.57
-0.71	-0.15	0.69	192.37	43.78	35.51
0.26	-0.10	0.96	338.66	74.05	54.51
-0.99	0.06	0.10	176.80	5.94	64.79
0.07	-0.75	0.66	275.15	41.13	33.28
-0.40	-0.53	0.75	232.72	48.34	36.91
-0.28	-0.49	0.82	240.47	55.56	58.29
-0.71	0.70	0.05	135.15	3.11	54.21
0.61	0.53	0.59	40.98	36.20	56.76
-0.79	0.38	0.48	154.58	29.00	43.74
0.97	0.03	0.25	2.02	14.43	45.50
-0.19	0.52	0.83	110.07	56.15	42.70
-0.23	0.40	0.89	119.70	62.31	22.95
0.07	-0.22	0.97	288.44	76.82	68.31
-0.99	0.13	0.09	172.67	5.31	46.36
-0.00	0.90	0.43	90.05	25.38	62.75
-0.41	0.91	0.02	114.02	1.31	66.84
-0.52	0.34	0.78	146.61	51.46	66.22
0.36	0.28	0.89	37.37	62.74	59.52
0.19	-0.48	0.86	291.61	59.15	78.32
0.59	-0.57	0.58	315.83	35.16	29.01
0.50	0.67	0.55	53.43	33.41	68.88
0.69	0.71	0.15	45.81	8.78	73.02
0.84	0.01	0.54	0.43	32.72	28.89
0.93	-0.35	0.14	339.41	8.07	20.69
0.13	-0.06	0.99	337.19	81.79	46.81
-0.97	-0.17	0.18	189.66	10.43	59.73
-0.86	-0.43	0.29	206.51	16.73	87.20
0.13	-0.02	0.99	351.62	82.68	64.59
0.43	0.82	0.38	62.54	22.60	72.36
0.34	0.90	0.26	69.13	14.80	51.62
0.34	0.90	0.26	69.13	14.80	51.62
0.34	0.90	0.26	69.13	14.80	51.62
0.45	-0.18	0.87	338.13	60.72	89.15
-0.61	-0.78	0.16	232.17	8.95	70.35
-0.15	0.92	0.36	99.47	21.16	73.67
0.17	0.93	0.32	79.56	18.71	48.03
-0.38	0.83	0.40	114.31	23.77	89.40
-0.38	0.83	0.40	114.31	23.77	89.40
-0.83	0.55	0.08	146.71	4.46	25.02
0.27	0.70	0.66	68.98	41.32	13.84
-0.61	0.77	0.18	128.70	10.42	23.69
-0.38	-0.20	0.90	207.88	64.42	39.51
-0.67	-0.60	0.43	221.88	25.66	60.89
-0.28	-0.92	0.26	252.88	14.95	34.56
0.81	0.52	0.28	32.61	16.32	77.89
-0.07	-0.98	0.18	265.90	10.64	15.97
-0.88	0.44	0.16	153.50	9.06	49.46
0.81	0.50	0.31	31.59	17.84	62.40
-0.67	0.64	0.37	136.60	21.96	55.22
-0.71	0.19	0.68	165.29	42.65	18.37
0.69	-0.59	0.42	319.14	25.06	15.53
-0.88	-0.43	0.20	205.91	11.44	84.82
-0.88	-0.43	0.20	205.91	11.44	84.82
-0.88	-0.43	0.20	205.91	11.44	84.82
-0.81	-0.05	0.58	183.75	35.48	98.96
0.81	0.52	0.28	32.61	16.32	77.89
0.52	-0.26	0.81	333.61	54.41	13.17
0.86	0.38	0.34	23.59	19.60	6.91
-0.93	-0.08	0.35	185.02	20.24	38.57
-0.62	0.34	0.71	151.36	45.42	52.69
0.07	0.95	0.32	85.68	18.53	42.42
-0.97	-0.18	0.18	190.80	10.53	59.15
-0.41	-0.58	0.70	234.62	44.44	50.60
-0.47	-0.84	0.29	240.90	16.96	58.86
0.88	0.29	0.38	18.38	22.20	26.54
0.88	0.29	0.38	18.38	22.20	26.54
-0.06	-0.62	0.78	264.15	51.28	30.21
-0.74	-0.29	0.61	201.67	37.38	24.64
-0.32	0.42	0.85	127.16	57.94	42.98
-0.90	-0.08	0.42	185.03	24.77	81.49
-0.88	-0.39	0.28	203.86	16.34	25.23
-0.77	0.07	0.64	174.88	39.81	74.28
0.27	-0.57	0.77	295.06	50.73	83.69
-0.19	0.76	0.62	104.07	38.01	35.39
-0.29	0.40	0.87	126.02	59.95	65.86
0.81	0.52	0.28	32.61	16.32	77.89
0.40	0.58	0.71	55.42	44.84	61.77
-0.95	-0.02	0.32	181.02	18.88	38.86
-0.96	-0.27	0.07	195.52	3.95	23.99
-0.73	0.34	0.59	155.19	35.94	79.85
0.06	-0.63	0.78	275.86	50.89	68.48
0.30	0.47	0.83	57.22	56.10	61.16
0.30	0.47	0.83	57.22	56.10	61.16
-0.49	-0.63	0.61	232.20	37.54	63.85
-0.49	-0.63	0.61	232.20	37.54	63.85
0.78	0.38	0.49	25.87	29.40	65.92
-0.92	-0.22	0.33	193.73	19.03	68.87
0.36	-0.47	0.81	307.98	53.63	50.17
0.57	0.03	0.82	3.34	55.01	21.24
0.88	-0.13	0.47	351.76	27.82	32.45
-0.15	0.62	0.77	103.90	50.11	48.67
-0.45	0.13	0.88	163.59	61.93	17.44
-0.25	-0.96	0.14	255.56	8.28	20.71
0.73	-0.53	0.44	323.95	26.08	47.00
-0.04	1.00	0.04	92.45	2.24	75.33
-0.27	0.58	0.77	114.65	50.03	65.32
-0.24	0.19	0.95	141.43	72.18	15.81
-0.79	-0.40	0.47	206.84	27.75	20.04
0.43	0.57	0.70	52.90	44.74	59.86
0.89	-0.19	0.42	347.62	24.97	32.68
0.29	0.48	0.83	59.19	55.96	71.25
-0.83	-0.53	0.17	212.69	9.77	76.10
0.51	-0.82	0.25	301.92	14.23	34.96
0.80	0.07	0.60	5.02	36.97	73.11
0.69	0.02	0.73	1.91	46.59	38.33
0.67	0.71	0.22	46.43	12.50	47.14
-0.71	0.49	0.51	145.41	30.92	97.99
-0.63	0.50	0.60	141.34	36.57	54.96
-0.21	0.97	0.15	102.04	8.44	65.20
-0.10	-0.99	0.04	264.02	2.43	50.18
0.97	0.00	0.23	0.01	13.25	56.33
-0.99	0.17	0.00	170.41	0.19	62.61
0.97	0.26	0.01	14.87	0.48	63.66
0.01	0.82	0.57	89.17	34.76	41.75
0.69	0.02	0.73	1.91	46.59	38.33
0.55	0.43	0.72	38.53	45.72	16.98
0.03	0.67	0.74	87.29	47.73	65.79
0.50	0.64	0.58	51.94	35.64	99.30
-0.68	-0.19	0.71	195.43	45.33	15.78
-0.14	0.90	0.41	98.65	24.00	72.04
0.80	-0.59	0.09	323.52	5.01	24.93
-0.60	-0.75	0.27	231.45	15.73	102.40
0.88	0.18	0.44	11.51	26.00	28.82
0.16	-0.46	0.88	288.75	61.08	15.70
0.82	0.05	0.57	3.58	34.93	76.11
0.69	0.60	0.40	40.96	23.57	43.67
0.45	-0.12	0.89	344.82	62.33	39.42
-0.97	0.21	0.08	167.76	4.42	32.37
0.47	-0.77	0.43	301.23	25.43	45.23
0.85	0.52	0.08	31.76	4.73	64.55
0.16	-0.46	0.88	288.75	61.08	15.70
-0.17	-0.09	0.98	207.29	78.89	19.43
0.22	-0.73	0.65	286.98	40.48	55.91
0.85	0.44	0.30	27.54	17.39	56.12
-0.77	0.32	0.56	157.62	33.80	26.20
0.04	0.49	0.87	85.30	60.45	46.18
0.21	-0.80	0.56	284.84	33.93	65.29
-0.15	-0.98	0.16	261.11	8.93	11.59
-0.00	0.96	0.27	90.17	15.41	38.18
-0.35	-0.29	0.89	219.45	63.29	37.22
0.58	0.62	0.53	46.88	31.72	70.02
0.58	0.62	0.53	46.88	31.72	70.02
-0.13	0.71	0.69	100.55	43.47	58.19
0.83	0.10	0.55	7.06	33.44	29.87
0.40	-0.89	0.20	294.26	11.40	55.10
-0.35	-0.93	0.06	249.21	3.21	62.47
0.79	-0.59	0.18	323.31	10.16	74.60
-0.66	0.75	0.02	131.30	1.30	44.95
-0.03	0.91	0.41	91.81	24.18	40.46
0.82	0.56	0.12	34.32	6.92	11.86
0.74	-0.21	0.64	344.29	39.65	21.52
0.16	-0.46	0.88	288.75	61.08	15.70
-0.39	-0.78	0.49	243.16	29.21	78.51
-0.94	0.33	0.03	160.65	1.96	12.97
-0.75	0.56	0.36	142.97	20.83	66.67
0.79	-0.52	0.33	326.55	19.49	84.06
0.80	-0.54	0.26	325.75	15.30	47.88
-0.25	-0.34	0.91	234.41	65.05	41.50
-0.13	-0.88	0.46	261.26	27.41	88.64
0.57	0.70	0.43	50.64	25.64	76.67
0.80	0.55	0.24	34.59	13.83	81.98
0.42	-0.29	0.86	325.18	59.33	53.48
0.14	-0.60	0.78	282.75	51.68	16.07
0.86	-0.44	0.25	333.16	14.61	37.20
0.21	-0.95	0.25	282.33	14.19	26.66
-0.29	-0.80	0.53	250.30	31.72	70.27
0.20	-0.98	0.03	281.40	1.53	12.23
0.41	0.65	0.63	57.70	39.33	50.48
-0.88	0.17	0.44	169.14	26.31	68.03
-0.90	0.33	0.29	159.91	17.11	52.35
-0.71	-0.59	0.37	219.68	21.77	42.83
0.85	0.47	0.24	29.29	14.13	8.43
-0.78	-0.56	0.29	215.76	16.95	49.78
-0.56	-0.82	0.09	235.48	4.89	96.38
0.64	-0.75	0.15	310.37	8.82	48.42
0.36	-0.89	0.28	292.08	16.27	48.26
0.66	0.65	0.38	44.67	22.04	43.62
-0.63	0.62	0.46	135.55	27.33	43.69
-0.27	-0.75	0.61	250.31	37.33	94.69
-0.89	-0.09	0.44	185.80	26.34	51.78
-0.05	0.94	0.32	93.30	18.83	9.39
-0.05	0.94	0.32	93.30	18.83	9.39
-0.01	0.90	0.43	90.74	25.56	31.12
0.56	0.55	0.62	44.32	38.36	104.95
0.39	0.59	0.71	56.85	44.84	63.94
-0.83	-0.56	0.01	213.86	0.86	46.36
0.25	0.33	0.91	53.05	65.71	16.72
0.11	0.61	0.79	80.12	51.89	33.58
0.28	0.58	0.76	64.08	49.49	38.99
0.75	-0.18	0.64	346.66	39.62	10.83
0.87	-0.37	0.32	337.01	18.61	69.97
0.87	-0.37	0.32	337.01	18.61	69.97
-0.05	-0.52	0.85	264.78	58.47	45.21
0.81	0.28	0.52	19.26	31.17	9.48
0.33	0.73	0.59	65.66	36.38	42.73
-0.83	0.17	0.53	168.66	31.70	62.87
-0.94	0.19	0.27	168.90	15.75	65.00
-0.88	0.17	0.44	169.14	26.31	68.03
0.25	-0.52	0.81	295.29	54.53	33.12
-0.19	0.55	0.81	109.28	54.28	18.77
-0.06	-1.00	0.02	266.82	1.42	59.98
0.83	0.52	0.18	32.09	10.65	80.31
0.19	-0.98	0.07	281.00	3.89	10.17
-0.96	-0.00	0.27	180.24	15.62	40.07
0.92	0.24	0.30	14.72	17.17	20.51
0.84	0.22	0.50	14.38	29.85	52.87
0.86	0.22	0.45	14.36	26.81	79.20
0.30	-0.75	0.59	291.98	36.44	61.26
0.15	-0.11	0.98	322.99	79.07	58.81
0.66	0.65	0.38	44.67	22.04	43.62
-0.23	0.68	0.70	108.82	44.40	101.27
0.35	0.07	0.93	10.79	68.85	66.02
-0.81	0.55	0.21	145.67	12.04	70.04
0.76	-0.65	0.02	319.57	1.29	89.14
0.69	0.09	0.72	7.44	45.71	33.38
-0.38	0.34	0.86	138.11	59.05	62.89
-0.82	0.28	0.50	160.94	29.78	64.41
0.22	0.86	0.46	75.83	27.17	78.58
-0.44	0.05	0.90	173.27	63.92	57.23
-0.38	0.34	0.86	138.20	59.39	62.68
0.56	0.15	0.82	15.34	54.70	71.36
-0.99	0.11	0.01	173.66	0.79	30.70
0.35	0.07	0.93	10.79	68.85	66.02
-0.69	0.69	0.21	134.68	12.24	77.38
-0.80	0.38	0.46	154.27	27.55	43.22
0.85	0.43	0.29	26.78	16.77	41.21
0.50	0.65	0.57	52.77	34.73	46.30
-0.70	-0.70	0.12	224.85	7.15	94.87
-0.21	0.48	0.85	113.83	58.51	61.66
-0.51	0.74	0.44	124.81	26.10	83.98
-0.51	0.74	0.44	124.81	26.10	83.98
-0.15	0.16	0.98	134.91	77.32	38.03
0.82	0.49	0.30	31.06	17.62	61.15
0.50	0.67	0.54	53.35	32.82	40.17
0.53	0.48	0.70	42.27	44.16	6.29
-0.07	-0.27	0.96	256.35	73.73	83.38
-0.05	0.29	0.96	99.87	72.95	75.01
0.48	-0.41	0.77	319.47	50.74	25.58
0.07	0.12	0.99	60.03	81.96	55.89
-0.81	-0.16	0.56	191.46	34.39	82.74
0.32	-0.94	0.07	288.73	4.21	58.00
0.91	-0.40	0.03	336.24	1.57	25.69
0.97	-0.24	0.04	346.05	2.44	55.72
-0.79	0.60	0.15	142.72	8.86	11.83
0.97	0.22	0.06	12.92	3.26	9.04
0.97	0.26	0.01	14.87	0.48	63.66
0.98	-0.22	0.00	347.27	0.19	43.93
-0.79	0.19	0.59	166.50	36.09	36.03
0.68	0.69	0.23	45.23	13.42	87.08
0.81	0.32	0.49	21.69	29.49	10.82
0.87	0.37	0.32	22.94	18.38	61.44
0.81	0.32	0.49	21.46	29.33	73.27
-0.58	-0.67	0.46	229.10	27.55	61.71
-0.31	0.31	0.90	135.45	63.81	60.34
0.63	0.64	0.44	45.65	26.02	21.95
0.37	0.64	0.68	60.04	42.60	18.86
0.50	0.65	0.57	52.77	34.73	46.30
0.50	0.67	0.54	53.35	32.82	40.17
-0.32	-0.71	0.62	245.56	38.66	10.87
0.11	-0.40	0.91	285.00	65.77	44.26
0.97	-0.24	0.05	345.91	2.66	90.61
0.86	0.27	0.43	17.24	25.22	82.52
0.14	-0.98	0.11	278.29	6.24	51.72
-0.98	-0.16	0.13	189.51	7.52	72.95
-0.81	-0.55	0.19	213.98	10.94	80.74
0.62	0.22	0.75	19.18	48.79	64.09
0.62	0.22	0.75	19.18	48.79	64.09
0.07	0.94	0.32	85.60	18.90	91.05
-0.17	-0.55	0.82	253.25	55.03	45.82
0.56	-0.75	0.34	306.88	19.71	71.20
-0.98	-0.14	0.15	188.14	8.50	64.11
0.83	0.36	0.42	23.68	24.79	74.17
-0.28	-0.85	0.45	251.62	26.76	55.33
-0.28	-0.85	0.45	251.62	26.76	55.33
-0.12	0.98	0.13	97.22	7.24	54.14
-0.82	0.55	0.18	146.26	10.30	69.98
0.23	-0.96	0.18	283.71	10.39	25.60
0.92	-0.34	0.20	339.56	11.38	44.63
0.34	0.49	0.81	55.26	53.75	22.30
-0.91	-0.32	0.26	199.31	14.91	77.01
0.68	0.01	0.74	1.17	47.35	37.15
-0.51	-0.09	0.85	190.14	58.57	52.24
-0.51	-0.09	0.85	190.14	58.57	52.24
-0.19	-0.79	0.58	256.36	35.59	11.46
-0.01	0.85	0.53	90.56	32.09	9.26
0.98	-0.07	0.16	356.17	9.35	24.19
-0.15	-0.63	0.76	256.98	49.62	27.11
0.86	0.50	0.12	30.39	7.12	81.86
0.95	0.18	0.24	10.94	13.82	38.74
-0.27	-0.43	0.86	237.93	59.87	12.46
0.94	0.29	0.21	16.98	11.94	60.19
0.65	-0.66	0.38	314.40	22.08	67.34
0.50	-0.40	0.77	321.71	50.18	24.81
-0.20	0.45	0.87	113.34	60.50	23.95
-0.20	0.45	0.87	113.34	60.50	23.95
0.54	0.83	0.13	56.79	7.44	39.54
0.78	0.55	0.29	35.42	16.87	55.58
-0.28	-0.80	0.54	250.92	32.53	36.49
0.00	-0.68	0.73	270.41	47.26	33.29
-0.99	-0.15	0.02	188.41	0.96	69.17
0.08	-0.98	0.20	274.88	11.81	51.77
0.57	0.65	0.50	48.57	29.83	12.85
-0.13	0.48	0.86	105.33	59.82	42.98
1.00	-0.07	0.06	355.97	3.36	54.66
-0.12	0.98	0.13	97.22	7.24	54.14
0.97	0.23	0.07	13.38	4.13	14.21
0.97	-0.10	0.20	354.12	11.61	61.08
0.49	-0.56	0.67	310.85	41.80	10.39
-0.87	0.47	0.12	151.56	6.76	28.84
-0.46	0.54	0.70	130.22	44.61	79.05
-0.76	0.56	0.33	143.56	19.02	66.33
-0.61	-0.71	0.35	229.26	20.72	99.75
0.76	0.32	0.57	22.72	35.06	69.52
-0.19	-0.93	0.33	258.53	19.29	60.43
-0.91	-0.41	0.06	204.27	3.23	92.81
0.35	0.29	0.89	39.96	63.06	71.66
-0.44	-0.64	0.64	235.65	39.48	46.70
-0.86	0.21	0.47	166.57	27.86	57.01
0.45	0.83	0.33	61.72	19.40	89.74
-0.53	-0.63	0.58	230.06	35.12	23.04
-0.31	0.05	0.95	170.53	71.85	61.11
-0.68	0.03	0.74	177.83	47.39	81.33
0.34	-0.91	0.25	290.28	14.27	70.76
0.21	-0.46	0.86	294.47	59.28	92.53
0.49	-0.52	0.70	313.35	44.82	57.42
-0.24	-0.49	0.84	244.00	57.16	48.14
-0.02	0.84	0.54	91.65	33.02	81.08
-0.19	-0.92	0.35	258.37	20.70	66.93
-0.14	0.02	0.99	171.64	81.72	12.48
-0.08	-0.73	0.67	263.74	42.32	71.10
0.74	-0.00	0.67	359.85	42.31	72.22
0.27	-0.39	0.88	304.60	61.69	48.48
0.82	0.43	0.38	27.74	22.40	53.68
0.69	0.42	0.59	31.29	35.81	54.13
-0.93	0.28	0.24	163.39	13.78	46.40
-0.36	-0.78	0.52	245.09	31.04	38.88
0.26	0.30	0.92	49.91	66.66	42.66
-0.28	-0.09	0.96	198.20	72.98	97.10
-0.08	-0.05	1.00	213.83	84.37	80.83
0.78	-0.02	0.63	358.37	39.07	38.14
0.58	-0.75	0.32	307.97	18.74	95.17
0.58	-0.75	0.32	307.97	18.74	95.17
0.58	-0.75	0.32	307.97	18.74	95.17
0.35	0.30	0.89	40.54	62.85	70.46
0.83	0.38	0.41	24.28	24.13	73.44
-0.57	-0.67	0.48	229.91	28.46	62.12
-0.07	0.99	0.12	93.90	7.06	47.89
0.02	0.83	0.55	88.73	33.58	45.89
0.77	0.46	0.44	31.09	26.25	59.08
-0.68	-0.69	0.25	225.35	14.60	67.00
-0.83	0.13	0.54	171.41	32.91	48.76
-0.74	-0.59	0.34	218.56	19.64	61.79
-0.81	-0.51	0.28	211.89	16.44	87.42
-0.75	-0.60	0.28	218.56	16.34	64.22
0.10	0.90	0.43	83.42	25.19	62.34
0.87	0.44	0.23	26.93	13.45	34.68
0.87	0.44	0.23	26.93	13.45	34.68
0.99	0.10	0.09	5.49	5.17	49.32
0.99	0.10	0.09	5.49	5.17	49.32
-0.77	0.59	0.24	142.41	13.67	50.92
0.56	-0.49	0.66	318.74	41.60	41.97
-0.71	-0.05	0.70	183.97	44.44	6.66
-0.98	-0.10	0.19	186.03	11.24	69.59
-0.28	0.26	0.92	136.83	67.44	37.31
-0.49	-0.77	0.41	237.48	24.26	75.84
-0.16	0.99	0.03	99.26	1.96	24.71
-0.62	-0.53	0.57	220.64	34.84	78.52
0.33	0.82	0.48	68.28	28.44	60.79
0.47	-0.88	0.01	297.80	0.56	59.20
-0.43	-0.85	0.29	243.28	16.92	68.72
0.99	0.11	0.08	6.42	4.78	67.04
0.75	0.51	0.42	34.40	24.62	69.82
0.53	-0.72	0.45	306.15	26.85	82.57
0.79	-0.03	0.62	357.96	38.21	59.21
0.88	0.32	0.36	19.96	20.91	75.83
0.04	-0.94	0.34	272.61	19.63	48.22
-0.08	-0.47	0.88	260.39	61.62	64.62
0.87	0.37	0.32	22.94	18.38	61.44
0.17	0.86	0.47	78.58	28.12	23.14
-0.33	-0.67	0.66	243.77	41.43	65.42
0.43	0.73	0.54	59.61	32.41	82.32
-0.55	0.59	0.59	133.25	36.15	39.41
-0.32	-0.52	0.79	238.29	52.27	38.59
0.53	0.70	0.48	53.13	28.78	60.49
0.53	0.70	0.48	53.13	28.78	60.49
0.64	0.62	0.46	44.23	27.53	11.49
-0.02	-0.41	0.91	267.25	65.99	48.69
0.98	0.07	0.17	4.14	10.00	65.63
0.55	0.15	0.82	15.60	54.90	71.24
0.92	-0.34	0.21	339.76	11.84	34.74
-0.13	0.86	0.50	98.79	29.91	24.68
0.93	-0.25	0.27	345.10	15.83	59.45
0.80	-0.12	0.58	351.40	35.59	55.55
-0.32	0.92	0.23	109.20	13.24	50.96
0.55	-0.84	0.03	303.24	1.78	72.56
-0.39	-0.49	0.78	231.75	50.99	57.86
0.72	-0.67	0.18	317.37	10.42	65.56
0.72	-0.67	0.18	317.37	10.42	65.56
-0.74	0.46	0.49	147.78	29.54	61.93
-0.74	0.46	0.49	147.78	29.54	61.93
0.67	-0.51	0.54	322.56	32.92	84.91
-0.91	-0.37	0.17	202.19	10.06	11.97
0.98	0.14	0.15	8.42	8.85	76.47
-0.35	-0.43	0.83	230.64	56.60	53.26
-0.23	-0.96	0.16	256.76	9.41	6.98
-0.24	0.63	0.74	110.76	48.00	59.60
-0.08	-0.67	0.74	263.45	47.46	65.50
0.50	0.86	0.10	60.00	5.55	90.89
0.60	0.77	0.21	51.98	12.26	106.71
-0.55	-0.83	0.11	236.67	6.57	16.54
-0.36	0.85	0.38	113.20	22.32	44.39
0.82	0.56	0.13	34.31	7.43	21.80
0.82	0.56	0.13	34.31	7.43	21.80
-0.57	0.05	0.82	174.85	54.91	44.45
-0.22	-0.91	0.36	256.50	21.20	60.95
0.38	0.90	0.19	67.10	10.78	100.75
0.58	0.64	0.51	47.70	30.44	14.23
0.58	0.64	0.51	47.70	30.44	14.23
0.05	0.99	0.12	87.29	7.01	80.58
-0.02	0.97	0.23	90.97	13.06	94.41
0.49	0.86	0.14	60.13	7.83	91.66
-0.43	-0.83	0.36	242.41	21.33	31.51
-0.34	-0.72	0.61	244.39	37.33	16.21
-0.37	-0.71	0.59	242.36	36.25	15.71
-0.52	-0.85	0.14	238.66	7.87	16.81
0.90	0.13	0.42	8.52	24.63	60.26
0.31	0.93	0.19	71.77	10.74	88.21
-0.31	0.95	0.08	108.15	4.46	50.86
0.96	-0.23	0.17	346.33	10.00	11.10
-0.12	-0.97	0.23	262.65	13.07	52.41
0.80	0.46	0.37	30.04	21.86	54.72
-0.43	0.83	0.35	117.53	20.58	7.80
0.29	-0.91	0.30	287.73	17.52	23.31
0.55	-0.59	0.59	313.14	36.10	104.72
0.85	0.18	0.49	11.66	29.52	50.46
0.39	0.45	0.81	48.85	53.72	18.30
-0.27	0.87	0.41	107.43	24.20	32.42
0.42	0.14	0.90	17.99	63.52	59.55
-0.61	-0.76	0.21	231.09	12.08	15.77
-0.78	0.62	0.04	141.39	2.39	15.92
0.49	0.02	0.87	1.78	60.82	42.57
0.04	0.06	1.00	55.19	85.94	70.22
-0.20	-0.90	0.38	257.32	22.57	54.14
0.84	-0.36	0.41	336.89	23.90	17.50
-0.86	-0.08	0.50	185.26	30.25	12.47
0.95	0.02	0.33	1.34	19.02	49.31
-0.12	-0.66	0.74	259.70	47.81	12.02
-0.86	-0.08	0.50	185.26	30.25	12.47
0.36	0.88	0.32	67.50	18.67	97.46
-0.90	-0.07	0.43	184.57	25.74	10.79
-0.46	-0.41	0.79	221.58	52.37	46.48
-0.79	0.07	0.61	174.57	37.76	63.93
-0.53	-0.84	0.07	237.61	3.99	10.59
-0.51	0.74	0.43	124.24	25.72	10.91
0.20	-0.41	0.89	295.57	63.13	10.55
0.56	0.41	0.72	36.04	46.23	12.49
0.86	0.47	0.19	28.56	10.72	20.78
0.25	0.94	0.21	74.92	11.90	81.95
-0.95	-0.30	0.02	197.65	1.10	21.25
0.14	0.98	0.13	81.61	7.73	84.08
0.18	0.98	0.03	79.51	1.96	73.93
0.60	0.37	0.71	32.13	45.31	55.50
-0.21	-0.35	0.91	239.44	65.77	48.28
0.57	-0.33	0.75	330.18	48.54	59.81
0.57	-0.33	0.75	330.18	48.54	59.81
0.57	-0.33	0.75	330.18	48.54	59.81
0.57	-0.33	0.75	330.18	48.54	59.81
0.33	-0.52	0.79	302.13	52.20	102.80
0.07	0.70	0.71	83.97	45.61	39.58
-0.81	-0.58	0.10	215.43	5.72	86.80
-0.71	-0.05	0.70	183.90	44.54	96.39
-0.29	0.60	0.74	115.56	47.99	44.83
-0.49	0.13	0.86	165.40	59.70	17.46
0.09	0.99	0.10	84.61	5.79	84.78
0.12	0.99	0.00	83.06	0.14	74.40
0.70	0.39	0.59	29.28	36.26	16.44
0.60	-0.17	0.78	344.62	51.19	52.57
-0.18	-0.98	0.09	259.50	5.33	72.11
0.09	0.82	0.56	83.69	34.23	15.99
-0.89	-0.44	0.11	206.48	6.50	28.17
0.72	0.34	0.60	25.29	36.83	77.38
-0.30	0.80	0.53	110.49	31.76	24.89
-0.64	-0.77	0.03	230.37	1.86	94.76
-0.54	0.84	0.02	122.79	0.86	7.38
0.69	0.17	0.70	14.09	44.51	83.86
-0.07	-1.00	0.02	265.72	1.08	62.48
0.04	-0.96	0.28	272.60	16.27	11.06
0.41	0.27	0.87	33.66	60.78	41.14
0.49	0.54	0.69	47.79	43.26	57.94
0.08	0.93	0.35	85.10	20.72	30.33
0.85	0.34	0.40	21.53	23.61	78.58
0.35	0.89	0.29	68.38	16.74	94.40
0.42	0.91	0.07	65.38	3.96	76.93
-0.86	-0.23	0.46	195.00	27.19	29.64
0.66	-0.58	0.49	318.81	29.10	57.48
-0.97	-0.09	0.24	185.05	13.66	50.11
0.36	-0.76	0.55	295.30	33.21	10.74
0.87	-0.00	0.48	359.86	28.96	55.98
-0.32	0.73	0.60	113.96	36.99	7.75
0.63	0.40	0.67	32.42	41.78	47.80
-0.90	-0.35	0.26	201.53	14.94	54.30
-0.27	-0.38	0.89	234.48	62.37	78.26
0.85	0.03	0.52	2.04	31.61	82.24
0.24	-0.65	0.72	290.22	46.43	101.67
0.44	-0.76	0.47	299.96	28.30	50.69
0.44	-0.76	0.47	299.96	28.30	50.69
-0.26	0.88	0.40	106.23	23.54	32.30
-0.83	-0.55	0.09	213.71	5.32	26.38
0.61	0.15	0.78	14.17	51.27	80.78
-0.34	-0.44	0.83	232.54	56.07	27.98
-0.69	-0.67	0.25	224.19	14.60	50.39
-0.69	-0.67	0.25	224.19	14.60	50.39
-0.28	0.40	0.87	124.95	60.99	52.69
-0.28	0.40	0.87	124.95	60.99	52.69
0.99	-0.14	0.09	351.68	4.97	43.23
0.62	-0.57	0.53	317.60	32.30	10.42
0.59	-0.76	0.28	307.77	16.05	19.68
0.23	0.37	0.90	57.96	63.97	46.69
1.00	0.10	0.01	5.54	0.79	73.45
0.80	-0.50	0.33	328.09	19.23	63.49
0.24	-0.27	0.93	311.76	68.77	50.56
-0.78	-0.29	0.55	200.44	33.24	25.19
0.45	-0.89	0.02	296.70	0.91	10.34
0.86	0.31	0.41	19.62	24.13	74.27
-0.05	0.99	0.09	93.12	4.91	22.43
0.40	0.16	0.90	21.68	64.63	50.69
-0.06	-0.99	0.13	266.43	7.30	70.74
0.35	0.26	0.90	37.37	64.18	32.08
0.95	0.13	0.28	8.05	15.98	82.85
0.50	-0.49	0.71	315.95	45.48	11.14
0.35	0.26	0.90	37.37	64.18	32.08
0.79	-0.29	0.53	339.84	32.21	14.64
0.79	-0.29	0.53	339.84	32.21	14.64
0.34	0.18	0.92	27.06	67.35	56.08
0.63	-0.32	0.71	332.79	45.21	29.27
0.53	0.07	0.85	7.84	57.69	81.54
-0.30	-0.93	0.20	252.03	11.78	68.53
0.98	-0.01	0.20	359.50	11.72	64.07
0.53	0.07	0.85	7.84	57.69	81.54
0.06	0.78	0.62	85.41	38.64	79.42
1.00	0.01	0.05	0.59	2.89	57.49
0.62	-0.65	0.43	313.64	25.69	80.61
-0.28	0.34	0.90	129.59	64.04	53.81
0.05	-0.99	0.13	272.84	7.62	75.84
0.02	0.33	0.94	87.06	70.69	43.54
0.37	0.70	0.61	61.87	37.75	40.13
0.65	0.13	0.75	11.52	48.51	65.04
0.85	0.09	0.52	6.36	31.20	83.55
0.77	0.06	0.64	4.41	39.58	44.54
-0.93	-0.36	0.01	201.07	0.35	40.09
0.10	0.65	0.76	80.85	49.11	82.75
0.10	0.65	0.76	80.85	49.11	82.75
0.34	-0.45	0.83	306.85	55.63	82.67
-0.27	0.40	0.88	124.53	61.34	68.81
-0.51	-0.84	0.16	238.82	9.07	43.92
-0.97	-0.17	0.15	189.70	8.45	80.36
-0.97	-0.17	0.15	189.70	8.45	80.36
0.87	-0.32	0.37	339.81	21.97	64.24
0.50	0.63	0.60	51.70	36.92	76.33
-0.55	-0.83	0.09	236.77	4.94	19.60
0.68	-0.69	0.26	314.79	14.84	13.74
0.10	0.08	0.99	39.45	82.36	70.86
0.00	-0.95	0.31	270.25	18.12	53.97
0.49	-0.66	0.56	306.46	34.38	29.01
0.93	-0.36	0.01	338.65	0.67	77.44
0.65	0.13	0.75	11.52	48.51	65.04
0.75	-0.38	0.54	332.84	32.96	73.75
0.54	0.45	0.71	39.87	45.43	19.12
0.80	0.06	0.59	4.10	36.43	32.38
0.72	-0.01	0.70	359.58	44.11	75.37
-0.63	-0.76	0.18	230.27	10.29	28.30
0.68	0.72	0.14	46.53	8.08	54.80
-0.12	0.89	0.44	97.50	26.10	45.05
0.57	0.72	0.39	51.41	23.17	30.86
0.57	0.72	0.39	51.41	23.17	30.86
0.16	0.21	0.96	52.85	74.74	76.56
0.37	-0.56	0.74	303.51	47.95	96.64
0.97	-0.25	0.03	345.68	1.72	44.27
0.97	-0.25	0.03	345.68	1.72	44.27
0.21	-0.89	0.40	282.96	23.33	25.47
0.51	-0.73	0.46	304.79	27.47	64.42
-0.28	0.25	0.93	138.11	67.91	22.25
-0.17	-0.99	0.00	260.40	0.01	72.44
-0.18	-0.95	0.26	259.42	15.35	64.04
-0.18	-0.95	0.26	259.42	15.35	64.04
0.95	-0.02	0.31	358.97	18.19	79.47
-0.73	-0.22	0.64	196.55	40.15	27.85
0.42	0.21	0.88	26.72	61.80	59.48
-0.37	-0.00	0.93	180.67	68.51	67.62
0.94	0.25	0.22	15.01	12.45	33.37
0.29	0.12	0.95	22.70	71.52	65.81
0.51	-0.47	0.72	317.54	46.06	99.76
0.22	-0.60	0.77	290.05	50.56	51.98
-0.99	-0.05	0.11	182.69	6.05	43.19
-0.10	-0.56	0.83	260.20	55.60	59.28
0.77	0.18	0.61	13.20	37.70	11.32
0.71	0.70	0.09	44.90	4.97	35.43
0.84	-0.47	0.26	330.97	15.12	73.75
-0.52	-0.74	0.43	234.79	25.73	33.72
-0.30	-0.88	0.37	251.11	21.71	47.97
0.32	-0.82	0.47	291.23	27.95	55.35
0.32	-0.82	0.47	291.23	27.95	55.35
0.49	-0.53	0.69	312.67	43.48	111.66
0.57	-0.71	0.41	308.53	24.46	68.02
0.31	-0.71	0.63	293.67	38.86	72.12
0.41	0.37	0.83	42.33	56.29	59.18
-0.42	-0.89	0.19	244.62	10.74	70.93
0.05	0.73	0.68	86.23	42.78	21.45
0.10	-0.51	0.85	281.22	58.35	32.98
-0.03	-0.42	0.91	265.97	65.06	70.24
0.31	-0.82	0.49	290.90	29.06	48.31
-0.96	-0.06	0.26	183.37	14.98	60.06
-0.96	-0.06	0.26	183.37	14.98	60.06
-0.96	-0.06	0.26	183.37	14.98	60.06
-0.87	-0.18	0.46	191.46	27.56	57.72
0.51	0.04	0.86	4.27	59.45	14.57
-0.50	-0.76	0.41	236.69	24.36	26.66
0.63	0.25	0.73	21.55	46.99	66.57
-0.73	0.65	0.19	138.20	10.79	61.19
-0.47	0.57	0.68	129.70	42.73	60.95
-0.17	-0.94	0.28	259.64	16.40	39.79
0.59	0.72	0.37	50.71	21.55	28.09
0.51	0.04	0.86	4.27	59.45	14.57
-0.96	-0.19	0.20	191.31	11.36	47.91
0.59	-0.10	0.80	350.35	53.17	18.38
-0.02	0.75	0.66	91.22	41.48	50.24
-0.77	0.37	0.52	154.45	31.27	64.86
0.89	-0.31	0.34	340.89	20.12	69.20
0.06	-0.34	0.94	280.73	69.88	54.57
0.03	-0.45	0.89	273.34	63.16	88.59
0.51	-0.61	0.60	310.18	37.10	46.53
0.54	-0.46	0.70	319.21	44.70	65.61
0.02	-1.00	0.01	271.00	0.71	36.15
0.83	-0.37	0.41	335.87	24.11	83.28
0.31	0.95	0.03	71.97	1.60	32.56
-0.92	0.35	0.15	159.17	8.59	16.02
0.55	-0.64	0.54	310.43	32.45	43.57
0.02	-0.90	0.43	271.24	25.16	50.09
-0.10	-0.73	0.67	261.88	42.25	17.41
0.94	-0.27	0.18	343.92	10.53	59.23
0.20	0.52	0.83	69.12	56.30	60.74
-0.88	0.43	0.17	153.82	9.63	11.82
0.28	-0.48	0.83	300.57	56.03	8.96
0.91	-0.38	0.16	337.44	9.28	67.56
0.61	-0.79	0.09	307.68	5.01	70.72
0.73	-0.66	0.20	317.91	11.54	25.44
0.09	-0.91	0.40	275.80	23.55	41.46
0.96	0.24	0.17	14.00	9.56	24.48
-0.42	-0.69	0.59	238.82	35.83	67.15
0.37	0.83	0.41	65.81	24.00	96.04
-1.00	-0.04	0.02	182.38	1.35	77.99
-1.00	-0.04	0.02	182.38	1.35	77.99
0.95	0.03	0.31	1.63	17.94	33.00
-0.91	0.39	0.16	156.97	9.35	27.81
0.07	-0.96	0.28	274.33	16.31	54.88
0.80	0.60	0.08	37.06	4.73	18.40
0.87	0.38	0.33	23.39	19.12	30.20
0.12	0.38	0.92	72.71	66.51	28.70
-0.72	-0.67	0.16	222.76	9.39	37.70
-0.10	-0.78	0.62	262.34	38.34	70.24
-0.92	0.36	0.17	158.84	9.85	15.93
-0.90	0.42	0.14	154.73	8.10	11.91
-0.90	0.42	0.14	154.73	8.10	11.91
-0.36	-0.93	0.10	248.67	5.98	53.95
0.25	-0.04	0.97	350.27	75.11	66.85
0.11	-0.15	0.98	306.04	79.54	79.22
0.39	0.40	0.83	46.16	56.04	8.03
-0.97	-0.19	0.15	190.96	8.36	20.63
-0.99	0.11	0.04	173.73	2.34	66.66
0.01	0.92	0.40	89.63	23.50	36.36
-0.00	0.79	0.61	90.07	37.87	36.45
-0.37	0.61	0.70	121.27	44.76	65.29
0.59	-0.38	0.72	326.94	45.66	70.72
0.59	-0.38	0.72	326.94	45.66	70.72
0.99	0.10	0.06	5.70	3.35	35.10
0.99	0.10	0.06	5.70	3.35	35.10
0.11	0.40	0.91	74.79	65.32	47.71
0.56	-0.73	0.39	307.17	23.19	62.72
-0.30	-0.59	0.75	243.35	48.32	74.01
-0.64	0.76	0.09	130.08	5.33	43.34
0.75	0.65	0.11	41.18	6.49	38.74
0.45	0.80	0.40	60.33	23.56	67.98
0.45	0.80	0.40	60.33	23.56	67.98
-0.89	-0.44	0.06	206.29	3.55	47.79
0.51	0.46	0.73	41.95	46.90	72.11
0.18	-0.60	0.78	286.97	51.42	62.88
0.70	0.26	0.66	19.96	41.53	35.57
0.00	0.03	1.00	81.50	88.29	64.44
-0.83	-0.54	0.14	213.20	8.33	84.98
0.66	0.75	0.05	48.67	3.14	49.54
-0.94	-0.30	0.15	197.70	8.69	55.94
0.22	0.43	0.88	63.34	61.30	24.39
-0.85	-0.02	0.53	181.53	32.10	10.31
-0.18	-0.98	0.08	259.82	4.83	50.84
-0.69	-0.62	0.38	221.94	22.13	86.34
0.29	-0.33	0.90	310.99	63.77	45.03
0.38	0.53	0.76	54.58	49.31	72.21
-0.61	-0.70	0.38	229.13	22.10	38.91
-0.81	-0.58	0.10	215.65	5.72	41.58
-0.09	0.09	0.99	135.49	82.51	70.85
0.41	-0.72	0.57	299.61	34.65	56.59
0.19	0.76	0.62	76.10	38.01	72.72
-0.18	-0.80	0.57	257.00	34.83	62.03
0.00	-0.82	0.57	270.19	34.71	43.73
0.87	0.49	0.03	29.61	1.61	49.36
-0.47	-0.37	0.80	218.53	53.29	55.49
-0.96	0.13	0.27	172.47	15.45	60.90
-0.96	0.13	0.27	172.47	15.45	60.90
-0.11	0.70	0.71	98.70	45.04	25.26
-0.95	0.30	0.01	162.30	0.67	21.65
0.89	0.45	0.00	26.79	0.27	65.00
-0.61	-0.29	0.74	205.85	47.63	73.35
-0.99	-0.11	0.03	186.47	1.56	70.86
0.71	0.66	0.24	42.91	13.95	62.40
-0.91	0.40	0.13	156.02	7.62	26.62
-0.53	0.74	0.42	125.69	24.89	6.31
-0.96	0.01	0.28	179.29	16.44	53.93
-0.11	-0.74	0.66	261.74	41.59	21.68
0.51	-0.42	0.75	320.24	48.68	65.18
-0.01	-0.41	0.91	268.31	66.05	95.73
0.33	-0.68	0.66	295.99	41.10	51.48
-0.01	-0.01	1.00	229.07	88.98	36.98
0.27	0.88	0.39	73.14	23.26	50.15
-0.63	-0.43	0.65	214.22	40.30	67.80
-0.38	0.81	0.44	114.88	26.35	46.43
-0.78	-0.11	0.62	188.25	38.37	52.18
-0.78	-0.11	0.62	188.25	38.37	52.18
0.44	0.79	0.42	60.82	24.89	46.50
0.44	0.79	0.42	60.82	24.89	46.50
-0.48	0.63	0.61	127.54	37.42	55.67
0.10	-0.35	0.93	286.01	68.84	76.45
-0.07	0.98	0.19	94.37	10.77	57.40
0.57	0.34	0.75	30.98	48.62	36.41
0.38	-0.61	0.69	301.66	43.87	18.07
-0.72	-0.44	0.54	211.40	32.89	70.06
0.07	-0.45	0.89	279.11	62.60	37.34
0.37	0.61	0.70	58.95	44.14	38.46
-0.69	-0.39	0.61	209.60	37.32	50.51
-0.67	-0.69	0.25	225.84	14.47	37.37
0.85	-0.34	0.39	338.07	22.90	74.46
0.42	-0.65	0.63	302.92	39.32	97.08
-0.21	-0.95	0.24	257.76	13.73	61.60
-0.16	0.49	0.86	108.63	58.90	48.94
0.63	0.23	0.74	20.17	47.63	66.32
-1.00	-0.10	0.02	185.50	1.05	71.00
-0.74	0.03	0.68	177.83	42.50	61.09
0.61	0.44	0.66	35.52	41.21	67.85
0.73	-0.50	0.47	325.81	28.20	72.46
0.38	-0.81	0.44	295.14	26.19	84.29
0.38	-0.81	0.44	295.14	26.19	84.29
-0.97	0.26	0.01	165.06	0.31	21.57
0.34	0.52	0.79	56.57	51.86	50.01
-0.81	0.58	0.08	144.36	4.84	26.66
-0.81	0.58	0.08	144.36	4.84	26.66
-0.78	0.61	0.16	142.04	9.41	32.41
0.83	-0.43	0.36	332.77	21.17	40.03
0.83	-0.43	0.36	332.77	21.17	40.03
-0.52	0.66	0.54	127.83	32.89	34.01
-0.77	0.61	0.20	141.74	11.44	74.47
0.41	0.50	0.76	50.93	49.79	43.25
-0.85	-0.43	0.30	206.92	17.74	65.22
0.53	-0.63	0.57	310.13	34.80	68.90
-0.35	-0.13	0.93	200.47	68.35	59.91
0.61	0.22	0.76	19.72	49.89	50.50
0.66	0.33	0.67	26.29	42.15	15.97
0.99	0.05	0.14	2.69	7.76	30.20
-0.86	0.49	0.15	150.17	8.65	53.65
-0.99	-0.06	0.09	183.63	5.34	63.76
0.54	0.23	0.81	23.01	53.90	21.60
-0.63	-0.42	0.65	213.54	40.71	43.65
0.20	0.52	0.83	69.12	56.30	60.74
0.33	-0.91	0.24	290.10	13.97	69.26
-0.21	-0.52	0.83	248.59	55.72	48.08
0.07	-0.07	1.00	313.98	84.44	32.33
-0.82	-0.33	0.46	202.09	27.68	71.58
1.00	-0.04	0.08	357.53	4.44	55.77
-0.49	-0.86	0.18	240.38	10.16	64.10
0.53	-0.60	0.60	311.77	36.73	59.57
-0.99	0.07	0.13	175.81	7.37	61.11
-0.86	0.17	0.48	168.76	28.77	24.10
-0.07	0.65	0.76	95.73	49.20	58.86
-0.42	-0.40	0.81	223.89	54.56	89.01
-0.42	-0.40	0.81	223.89	54.56	89.01
0.68	0.51	0.52	37.18	31.65	61.15
-0.22	0.96	0.20	102.71	11.62	44.33
-0.10	-0.40	0.91	256.26	65.59	65.69
-0.10	-0.40	0.91	256.26	65.59	65.69
0.33	0.74	0.58	65.79	35.46	59.60
0.21	-0.64	0.74	287.86	47.94	56.53
-0.12	-0.52	0.84	256.86	57.54	60.44
-0.72	0.63	0.28	138.58	16.45	25.07
0.84	-0.43	0.34	333.01	19.91	70.38
0.84	-0.43	0.34	333.01	19.91	70.38
0.84	-0.43	0.34	333.01	19.91	70.38
-0.45	-0.84	0.32	241.93	18.49	12.50
-0.54	-0.57	0.62	227.05	38.23	59.87
0.93	0.31	0.22	18.36	12.73	47.63
-0.38	0.32	0.87	140.18	60.31	57.02
-0.98	0.01	0.21	179.61	11.92	75.93
0.70	-0.52	0.49	323.38	29.43	54.96
0.51	-0.68	0.53	306.64	31.74	54.50
0.58	0.65	0.49	48.16	29.10	98.15
0.31	0.53	0.79	59.42	52.34	61.91
-0.82	-0.40	0.40	206.24	23.80	70.94
-0.09	0.99	0.08	95.06	4.86	54.62
-0.06	0.99	0.12	93.45	6.94	70.61
-0.00	0.52	0.86	90.18	58.92	52.81
0.18	-0.76	0.62	283.45	38.43	96.22
0.18	-0.76	0.62	283.45	38.43	96.22
-0.84	0.16	0.52	169.41	31.31	22.63
0.66	0.01	0.75	0.52	48.57	89.05
0.42	0.68	0.60	58.49	36.55	45.27
0.39	0.88	0.27	66.45	15.43	28.55
-0.71	0.32	0.63	155.73	38.70	29.19
0.26	0.94	0.22	74.76	12.74	55.46
-0.46	-0.66	0.59	235.47	36.20	10.95
-0.47	-0.65	0.60	234.18	36.99	69.26
-0.37	-0.35	0.86	223.15	59.33	37.78
0.45	0.86	0.22	62.34	12.93	53.97
-0.36	-0.83	0.42	246.67	24.64	21.92
-0.30	0.24	0.92	142.16	67.46	55.37
-0.34	0.63	0.70	118.04	44.16	57.44
-0.66	0.74	0.09	131.79	5.29	33.55
-0.66	0.63	0.41	136.37	23.93	58.92
-0.06	0.99	0.12	93.38	6.89	70.94
-0.71	0.64	0.28	137.91	16.34	25.27
-0.92	0.29	0.26	162.44	15.05	49.05
-0.19	-0.60	0.78	251.95	51.23	44.03
0.40	0.75	0.54	61.99	32.40	79.19
0.29	0.70	0.66	67.38	41.00	52.54
-0.57	0.26	0.78	155.68	51.32	49.49
-0.83	-0.11	0.55	187.76	33.62	37.43
0.27	-0.72	0.64	290.42	39.47	70.10
-0.19	0.70	0.69	104.91	43.28	51.59
0.29	0.95	0.11	73.31	6.06	61.48
0.77	0.07	0.64	5.53	39.69	39.75
0.33	0.80	0.50	67.24	30.09	40.20
-0.80	-0.42	0.44	207.77	25.87	44.49
0.44	0.70	0.57	57.88	34.60	59.65
0.29	0.70	0.66	67.38	41.00	52.54
0.28	0.92	0.27	73.38	15.81	57.91
0.28	0.92	0.27	73.38	15.81	57.91
-0.29	-0.76	0.59	249.23	36.08	21.90
0.17	0.67	0.72	75.52	46.08	73.68
-0.04	0.24	0.97	98.89	75.83	45.56
-0.37	0.84	0.39	113.79	22.89	47.10
-0.45	-0.75	0.49	238.97	29.13	30.81
-0.61	0.75	0.26	128.98	14.94	40.79
0.81	-0.58	0.08	324.73	4.84	49.35
0.35	-0.60	0.72	300.63	45.90	58.76
0.35	-0.60	0.72	300.63	45.90	58.76
-0.86	0.07	0.50	175.13	30.22	23.78
0.03	0.45	0.89	85.69	62.90	22.62
-0.51	-0.86	0.04	239.26	2.36	56.68
-0.53	0.56	0.63	133.15	39.27	65.59
0.57	0.68	0.45	49.97	26.99	61.68
-0.88	-0.46	0.05	207.74	2.93	40.72
-0.01	-0.64	0.77	269.46	50.43	54.72
-0.75	0.59	0.29	141.70	17.09	69.98
0.90	-0.35	0.26	338.86	15.03	65.29
0.22	0.39	0.89	60.34	63.10	34.21
-0.29	0.46	0.84	122.01	57.44	46.72
-0.47	-0.65	0.60	234.18	36.99	69.26
0.12	0.93	0.35	82.36	20.74	24.29
0.13	-0.21	0.97	301.90	75.76	59.99
-0.61	0.75	0.26	128.98	14.94	40.79
0.96	-0.22	0.18	347.34	10.50	62.82
0.98	0.09	0.18	5.42	10.40	40.90
0.02	-0.65	0.76	271.89	49.70	25.57
-0.14	0.50	0.86	106.07	58.96	73.09
-0.65	-0.54	0.53	219.76	31.94	11.45
-0.53	-0.55	0.64	226.05	39.89	39.07
0.20	0.62	0.76	72.02	49.70	49.43
-0.48	0.88	0.03	118.84	1.88	40.90
0.35	-0.59	0.73	300.45	46.49	59.19
0.35	-0.59	0.73	300.45	46.49	59.19
-0.89	0.39	0.23	156.57	13.57	20.21
-0.20	0.32	0.93	121.82	67.71	11.15
0.86	-0.49	0.15	330.43	8.76	28.44
0.46	-0.62	0.63	306.71	39.25	44.75
0.46	-0.62	0.63	306.71	39.25	44.75
0.71	-0.61	0.37	319.40	21.61	62.16
0.75	-0.59	0.32	321.85	18.61	14.26
-0.69	-0.70	0.19	225.41	10.67	33.85
0.99	-0.17	0.00	350.23	0.27	30.22
-0.81	-0.47	0.36	210.33	20.90	49.83
0.02	0.03	1.00	50.67	87.85	54.96
-0.57	-0.03	0.82	183.52	55.36	9.05
-0.53	-0.51	0.67	223.71	42.43	80.14
-0.83	-0.53	0.16	212.78	9.35	58.83
-0.06	0.08	0.99	128.49	84.05	58.28
0.10	-0.95	0.31	275.98	18.03	52.94
0.10	0.32	0.94	73.08	70.30	27.01
0.02	-0.74	0.67	271.59	41.94	51.31
0.74	0.42	0.53	29.46	31.70	64.33
-0.76	0.42	0.50	151.10	29.78	60.09
0.97	0.22	0.06	12.81	3.22	33.00
0.36	-0.93	0.08	291.19	4.47	34.49
0.96	-0.28	0.05	344.00	3.12	59.80
-0.97	0.22	0.07	167.10	4.21	47.45
0.37	-0.28	0.89	323.25	62.45	62.05
-0.85	-0.35	0.39	202.06	23.20	57.46
-0.53	0.22	0.82	157.57	54.97	49.86
0.46	-0.84	0.28	298.67	16.15	25.53
0.13	-0.98	0.14	277.62	7.99	51.55
-0.36	-0.50	0.79	234.48	51.91	73.86
0.26	0.05	0.97	11.12	74.80	14.49
0.30	-0.82	0.48	290.32	28.60	64.34
0.30	-0.82	0.48	290.32	28.60	64.34
-0.78	0.50	0.38	147.17	22.07	78.45
-0.66	0.74	0.11	131.77	6.48	44.92
0.09	-0.64	0.76	277.94	49.48	36.73
0.97	-0.07	0.24	355.78	13.99	16.94
-0.18	0.47	0.87	110.89	59.96	11.11
-0.26	0.79	0.55	108.44	33.16	74.06
-0.03	-1.00	0.01	268.18	0.53	49.85
0.90	-0.39	0.18	336.84	10.22	83.24
0.78	-0.55	0.30	324.63	17.43	68.22
0.78	-0.55	0.30	324.63	17.43	68.22
-0.68	-0.41	0.60	211.11	36.90	60.80
-0.68	-0.41	0.60	211.11	36.90	60.80
-0.36	-0.50	0.79	234.48	51.91	73.86
0.96	-0.29	0.01	343.01	0.47	60.54
0.50	0.73	0.46	55.70	27.62	49.57
0.62	0.61	0.50	44.45	29.90	78.18
0.57	0.78	0.27	53.87	15.81	55.98
0.57	0.78	0.27	53.87	15.81	55.98
-0.02	0.96	0.27	91.16	15.76	52.48
-0.02	0.96	0.27	91.16	15.76	52.48
-0.79	0.20	0.58	165.64	35.35	6.10
0.99	0.08	0.09	4.75	5.32	37.79
-0.55	-0.11	0.83	191.33	55.81	76.23
0.04	0.14	0.99	74.56	81.61	19.44
0.35	-0.04	0.94	353.28	69.37	9.44
0.92	-0.01	0.40	359.17	23.29	68.88
-0.40	-0.33	0.86	219.51	59.10	13.24
-0.07	-0.61	0.79	263.24	52.12	9.61
0.57	0.78	0.26	53.81	15.19	51.49
0.42	-0.90	0.11	295.06	6.09	39.92
-0.01	0.66	0.75	91.10	48.48	44.62
0.48	-0.40	0.78	320.63	51.38	45.08
0.51	-0.84	0.18	301.34	10.11	43.08
0.96	-0.28	0.02	344.01	1.04	38.02
0.79	-0.58	0.18	323.75	10.56	8.61
0.87	0.12	0.47	8.03	27.98	40.01
0.81	0.50	0.32	31.79	18.62	55.59
0.58	0.81	0.10	54.08	5.63	62.20
-0.22	-0.13	0.97	209.62	75.13	57.27
-0.47	-0.24	0.85	207.33	57.77	59.08
-0.41	-0.65	0.64	237.69	40.02	62.10
0.77	0.54	0.33	35.11	19.53	51.06
-0.96	0.23	0.13	166.45	7.20	43.60
-0.85	-0.08	0.52	185.27	31.54	26.01
-0.40	-0.24	0.88	211.42	62.06	53.53
-0.35	-0.40	0.85	229.19	57.75	46.10
-0.80	-0.00	0.60	180.07	36.79	73.77
-0.74	-0.34	0.58	204.57	35.67	83.90
-0.99	-0.14	0.03	187.89	1.70	81.50
0.79	0.04	0.61	2.65	37.36	93.93
0.88	-0.01	0.48	359.15	28.89	96.12
-0.16	-0.84	0.52	258.95	31.08	54.99
-0.81	-0.58	0.13	215.52	7.23	90.95
-0.72	-0.45	0.52	211.88	31.38	59.35
0.59	0.46	0.66	37.75	41.66	61.31
-0.99	0.05	0.12	176.92	7.16	44.18
-0.45	0.87	0.19	117.31	11.01	46.50
-0.48	0.87	0.07	118.94	4.08	21.08
-0.48	-0.88	0.05	241.35	2.71	42.83
-0.48	-0.88	0.05	241.35	2.71	42.83
-0.66	-0.64	0.40	224.05	23.87	93.00
-0.86	-0.42	0.29	205.73	16.80	71.83
0.87	-0.03	0.50	357.89	29.98	55.93
0.93	-0.23	0.28	345.84	16.31	67.15
0.96	-0.19	0.21	348.78	12.33	42.35
0.28	0.51	0.81	61.49	54.19	31.48
0.84	-0.38	0.38	335.51	22.38	42.67
0.82	0.55	0.15	33.76	8.89	70.19
-0.81	-0.57	0.15	215.23	8.58	83.37
0.84	-0.42	0.35	333.11	20.42	27.93
0.84	-0.42	0.35	333.11	20.42	27.93
-0.02	0.86	0.51	91.40	30.54	39.72
0.99	-0.06	0.10	356.34	5.66	28.54
0.29	-0.08	0.95	345.32	72.72	15.25
-0.98	-0.18	0.03	190.43	1.80	62.54
-0.18	-0.35	0.92	242.88	66.55	49.04
0.69	0.58	0.43	40.46	25.75	57.84
0.84	-0.53	0.10	327.91	6.01	38.16
-0.97	-0.01	0.23	180.71	13.59	55.29
0.95	0.14	0.29	8.31	16.63	4.52
-0.98	-0.20	0.05	191.33	2.97	58.27
0.76	0.61	0.23	38.63	13.36	67.90
0.12	-0.74	0.66	279.44	41.27	53.76
0.12	-0.74	0.66	279.44	41.27	53.76
-0.22	-0.33	0.92	235.64	66.76	91.71
-0.44	-0.50	0.74	229.10	48.14	98.07
0.44	-0.71	0.54	301.84	33.02	27.23
-0.95	-0.02	0.30	181.24	17.41	34.70
-0.64	-0.32	0.70	206.77	44.30	53.59
-0.32	-0.72	0.62	245.88	38.20	34.96
-0.78	0.56	0.27	144.57	15.85	45.27
-0.78	0.56	0.27	144.57	15.85	45.27
0.11	0.89	0.45	82.88	26.50	73.90
0.11	0.89	0.45	82.88	26.50	73.90
0.71	0.47	0.52	33.48	31.42	50.21
-0.47	-0.66	0.59	234.64	36.51	12.66
0.84	0.36	0.40	23.23	23.63	79.44
-1.00	-0.05	0.05	183.09	3.09	27.84
0.18	0.72	0.67	75.53	42.34	34.02
0.34	-0.30	0.89	318.62	63.00	32.26
0.13	-0.10	0.99	322.50	80.66	37.66
0.92	0.19	0.34	11.83	20.04	8.71
-0.99	0.14	0.04	172.05	2.19	54.85
-1.00	-0.01	0.07	180.86	3.86	51.84
-1.00	-0.01	0.07	180.86	3.86	51.84
-1.00	-0.01	0.07	180.86	3.86	51.84
0.57	0.59	0.57	45.79	34.45	98.21
0.84	0.44	0.31	27.83	18.36	68.47
0.84	0.44	0.31	27.83	18.36	68.47
0.88	-0.22	0.42	345.83	25.05	13.67
-0.51	-0.13	0.85	193.81	58.14	10.33
-0.87	0.28	0.41	161.84	24.16	61.63
-0.62	-0.68	0.38	227.60	22.56	71.90
-0.89	-0.46	0.00	207.62	0.14	41.87
-0.56	-0.23	0.80	202.22	52.73	23.30
-0.92	-0.39	0.05	203.17	2.63	83.24
0.66	0.35	0.66	28.08	41.58	35.70
0.82	-0.26	0.51	342.36	30.86	65.72
0.25	0.96	0.15	75.44	8.39	13.21
0.79	0.59	0.20	36.74	11.39	13.14
0.91	-0.12	0.41	352.73	24.00	95.44
-0.51	-0.34	0.79	213.57	52.44	33.30
0.57	-0.41	0.71	324.24	45.19	75.88
-0.99	0.02	0.10	178.83	6.00	23.90
0.71	0.55	0.44	37.75	25.96	42.26
-0.74	0.68	0.02	137.35	1.09	31.74
-0.62	-0.63	0.47	225.25	28.22	53.88
-0.73	-0.68	0.11	223.06	6.41	19.08
0.42	0.20	0.88	25.49	62.15	36.06
-0.99	-0.06	0.09	183.50	5.01	48.58
0.26	0.80	0.55	72.17	33.16	45.56
0.79	0.59	0.20	36.74	11.39	13.14
0.86	0.27	0.43	17.19	25.40	33.11
-0.96	-0.18	0.23	190.38	13.10	72.60
-0.74	0.66	0.09	138.30	5.18	55.88
-0.93	-0.36	0.10	201.41	5.88	75.98
-0.00	0.92	0.39	90.21	22.82	19.33
0.99	0.11	0.04	6.44	2.33	47.67
-0.77	-0.61	0.19	218.42	11.06	12.38
-0.77	-0.61	0.19	218.42	11.06	12.38
0.82	0.51	0.26	32.25	15.27	31.46
0.11	0.33	0.94	71.84	69.68	35.78
-0.93	0.20	0.31	168.15	17.97	50.05
-0.48	-0.74	0.47	236.77	27.92	77.29
-0.19	-0.48	0.85	248.33	58.55	51.18
-0.45	-0.67	0.59	235.91	35.92	60.48
0.93	-0.38	0.04	337.90	2.32	40.01
-1.00	-0.09	0.03	185.17	1.45	71.25
-1.00	-0.09	0.03	185.17	1.45	71.25
-0.32	-0.72	0.62	245.88	38.20	34.96
-0.94	-0.01	0.33	180.73	19.20	13.49
0.43	-0.53	0.73	308.76	47.17	72.78
-0.85	-0.49	0.21	210.15	12.09	76.20
-0.99	0.14	0.04	172.05	2.19	54.85
-0.99	0.14	0.04	172.05	2.19	54.85
-0.32	-0.72	0.62	245.88	38.20	34.96
0.28	0.96	0.07	73.74	3.82	28.66
0.79	0.61	0.02	37.88	1.02	15.80
0.10	-0.66	0.74	278.94	47.79	26.71
0.42	-0.68	0.60	301.62	37.09	50.35
-0.92	0.24	0.32	165.15	18.67	63.31
-0.01	-0.51	0.86	268.64	58.99	37.48
0.47	-0.85	0.25	298.86	14.40	50.54
-0.39	0.80	0.46	116.25	27.20	53.63
-0.89	-0.40	0.20	204.27	11.59	5.98
-0.89	-0.40	0.20	204.27	11.59	5.98
-0.58	-0.33	0.74	209.80	47.62	48.66
0.41	0.83	0.37	64.00	21.90	23.64
-0.70	0.40	0.59	150.04	36.26	66.01
0.16	-0.88	0.44	280.17	26.06	59.57
-0.77	-0.46	0.43	210.76	25.70	24.34
0.26	-0.54	0.80	295.94	53.14	36.66
-0.05	0.96	0.26	92.92	15.12	51.34
-0.08	-0.09	0.99	227.94	83.08	53.76
-0.58	-0.80	0.17	234.12	10.06	71.97
-0.94	0.28	0.16	163.28	9.48	67.72
0.86	0.27	0.43	17.08	25.31	68.28
-0.33	-0.16	0.93	205.85	68.50	8.23
-0.97	0.18	0.14	169.65	7.89	14.92
-0.97	-0.02	0.23	181.19	13.16	52.53
0.06	-0.68	0.73	274.93	46.61	36.84
0.90	-0.44	0.09	334.03	5.04	34.66
-0.23	-0.49	0.84	244.53	57.19	6.99
0.99	-0.10	0.01	354.28	0.51	50.19
0.24	0.73	0.64	72.01	39.74	55.14
0.88	-0.46	0.12	332.32	6.64	45.68
0.19	-0.56	0.81	288.24	53.74	42.91
0.47	0.64	0.61	54.04	37.29	91.14
0.37	0.15	0.92	21.94	66.35	60.29
-0.20	-0.49	0.85	248.03	58.29	58.17
-0.59	-0.70	0.40	229.58	23.86	62.63
-0.59	-0.70	0.40	229.58	23.86	62.63
0.65	-0.12	0.75	349.39	48.65	80.18
0.65	0.74	0.17	48.80	9.61	60.01
-0.08	0.75	0.66	96.29	40.99	53.46
-0.99	0.04	0.13	177.94	7.38	80.71
0.19	-0.96	0.18	281.04	10.61	82.94
0.50	-0.84	0.21	301.01	12.41	56.86
-0.41	-0.11	0.90	195.53	64.57	59.47
-0.41	-0.11	0.90	195.53	64.57	59.47
-0.41	-0.11	0.90	195.53	64.57	59.47
0.82	-0.14	0.55	350.43	33.28	73.19
-0.20	0.74	0.64	104.93	39.95	53.19
-0.46	-0.34	0.82	216.24	55.20	43.72
0.06	0.74	0.67	85.23	42.36	56.60
-0.89	-0.07	0.45	184.44	26.95	27.93
-0.87	0.49	0.06	150.77	3.52	87.04
-0.87	0.49	0.06	150.77	3.52	87.04
0.16	-0.59	0.79	285.23	52.26	43.52
-0.80	-0.40	0.46	206.68	27.10	23.50
-0.89	-0.45	0.10	207.11	5.95	53.85
-0.02	-1.00	0.09	268.62	5.32	70.16
-0.89	-0.46	0.06	207.43	3.71	14.20
0.08	0.70	0.71	83.54	45.04	50.29
0.12	0.78	0.61	81.00	37.59	95.02
-0.61	0.37	0.70	149.08	44.61	17.27
-0.60	0.63	0.49	133.58	29.02	17.13
0.43	-0.71	0.56	301.66	34.02	94.31
0.46	0.58	0.68	51.36	42.46	57.16
0.82	0.47	0.33	29.81	19.56	43.05
0.81	0.05	0.58	3.32	35.54	63.76
-0.41	0.21	0.89	153.29	62.32	40.13
-0.91	-0.23	0.35	194.02	20.55	33.49
-0.31	0.29	0.91	136.97	65.07	60.29
-0.01	-0.75	0.67	269.35	41.69	14.77
0.55	-0.67	0.50	309.49	29.79	37.48
-0.86	-0.16	0.48	190.24	28.84	14.08
-0.89	-0.22	0.39	193.76	23.26	47.44
-0.97	0.24	0.03	166.11	1.73	45.18
-0.50	-0.26	0.83	207.75	55.69	23.89
0.09	-0.10	0.99	310.63	82.47	18.78
0.09	-0.10	0.99	310.63	82.47	18.78
-0.66	-0.30	0.69	204.08	43.40	35.95
0.64	-0.65	0.41	314.39	24.48	70.36
0.66	-0.48	0.58	324.09	35.11	61.54
0.95	-0.30	0.09	342.37	5.40	40.05
0.30	0.29	0.91	43.72	65.23	45.70
0.18	0.67	0.72	74.67	46.09	63.09
0.30	-0.88	0.38	288.68	22.44	102.43
0.47	-0.78	0.42	300.96	25.09	89.96
0.24	-0.86	0.46	285.33	27.15	47.96
0.65	-0.61	0.45	316.97	26.55	49.46
0.65	-0.61	0.45	316.97	26.55	49.46
0.28	0.64	0.72	66.53	46.16	53.38
-0.93	-0.28	0.25	196.61	14.57	11.25
0.64	-0.75	0.19	310.38	10.74	37.43
-0.28	0.26	0.92	136.53	67.50	31.73
-0.05	-0.63	0.77	265.29	50.70	76.06
0.61	0.16	0.77	15.06	50.77	59.81
-0.18	0.66	0.73	105.07	46.64	48.56
-0.20	-0.16	0.97	218.61	75.41	61.06
0.47	-0.78	0.42	300.96	25.09	89.96
-0.87	-0.20	0.46	193.32	27.24	35.88
0.59	0.27	0.76	24.77	49.31	28.19
-0.94	0.04	0.35	177.70	20.49	12.57
-0.88	-0.31	0.37	199.33	21.66	35.45
0.94	-0.35	0.05	339.67	3.13	33.83
-0.20	-0.95	0.24	258.28	14.01	67.93
-0.35	0.90	0.26	111.30	15.01	38.09
0.45	0.08	0.89	10.27	62.65	25.49
0.66	-0.48	0.58	324.09	35.11	61.54
-0.58	0.70	0.42	129.45	25.10	40.97
-0.58	0.70	0.42	129.45	25.10	40.97
0.61	-0.61	0.52	315.09	31.01	57.00
-0.39	0.21	0.90	151.75	63.85	43.75
-0.74	-0.67	0.09	221.98	5.27	59.65
0.80	0.24	0.55	17.01	33.56	59.80
0.80	0.25	0.54	17.17	32.95	29.89
0.79	0.24	0.56	16.50	34.02	29.91
-0.80	-0.10	0.59	186.99	35.81	75.56
-0.78	0.15	0.61	168.76	37.41	42.99
0.91	-0.20	0.36	347.75	20.91	65.46
-1.00	0.07	0.06	175.99	3.57	70.96
-0.97	0.21	0.14	167.53	8.08	83.50
-0.84	-0.39	0.37	204.81	21.90	16.67
0.04	0.17	0.98	76.17	79.72	27.66
0.10	-0.84	0.53	276.48	31.80	22.50
0.10	-0.84	0.53	276.48	31.80	22.50
0.22	-0.89	0.41	283.91	23.90	37.29
-0.80	-0.10	0.59	186.99	35.81	75.56
-0.88	-0.31	0.37	199.33	21.66	35.45
0.75	0.26	0.61	18.85	37.30	29.96
-0.69	-0.03	0.72	182.80	46.34	57.18
-0.85	-0.36	0.39	203.17	22.92	43.13
0.07	0.29	0.96	76.17	72.86	52.98
0.57	-0.74	0.35	307.48	20.67	28.18
0.55	-0.28	0.79	333.44	51.74	63.33
0.34	0.90	0.28	69.51	16.39	72.73
0.77	0.43	0.47	28.99	28.14	70.80
-0.70	-0.64	0.31	222.32	18.15	80.27
0.66	-0.48	0.58	324.09	35.11	61.54
0.95	-0.30	0.09	342.37	5.40	40.05
0.71	-0.63	0.33	318.44	19.35	64.17
0.71	-0.63	0.33	318.44	19.35	64.17
-0.14	-0.68	0.72	258.54	46.47	52.58
0.52	-0.39	0.76	323.08	49.32	58.80
-0.53	0.74	0.41	125.57	24.26	96.11
0.58	-0.40	0.70	325.30	44.72	32.10
-0.41	-0.89	0.19	245.12	10.69	28.80
0.87	-0.42	0.27	333.92	15.40	32.13
0.31	0.94	0.14	71.66	8.15	32.90
0.90	-0.30	0.32	341.85	18.54	19.62
-0.52	-0.44	0.73	220.34	46.62	36.49
-0.93	-0.12	0.34	187.21	19.98	44.65
-0.99	-0.07	0.11	184.24	6.10	59.91
-0.88	-0.31	0.37	199.33	21.66	35.45
-0.31	0.29	0.91	136.97	65.07	60.29
-0.81	-0.11	0.58	187.51	35.59	75.81
-0.65	-0.16	0.74	194.04	47.77	61.94
0.42	-0.86	0.29	296.25	16.87	40.24
0.38	0.74	0.55	62.74	33.57	60.71
0.28	0.92	0.27	73.11	15.49	23.90
-0.03	-0.96	0.27	268.02	15.96	67.25
0.73	-0.38	0.56	332.56	34.20	57.03
0.45	-0.69	0.57	303.40	34.83	61.35
-0.33	-0.27	0.90	218.96	64.52	85.10
-0.74	-0.26	0.62	199.59	38.65	74.82
-0.71	0.14	0.69	168.67	43.28	58.82
-0.68	0.52	0.52	142.48	31.59	71.30
0.06	-1.00	0.02	273.43	1.31	61.84
-0.15	-0.48	0.86	252.75	59.81	83.19
-0.74	0.05	0.67	175.82	41.97	44.69
0.22	-0.73	0.64	287.00	40.15	91.70
0.22	-0.73	0.64	287.00	40.15	91.70
-0.20	0.98	0.05	101.33	3.06	49.98
-0.20	-0.16	0.97	218.61	75.41	61.06
0.97	0.19	0.16	11.04	9.15	29.39
-0.34	-0.69	0.64	243.95	39.64	90.03
-0.41	-0.89	0.19	245.12	10.69	28.80
0.45	-0.13	0.88	343.28	62.04	50.27
0.77	0.30	0.56	21.04	34.33	61.61
-0.15	-0.49	0.86	252.51	59.43	83.24
-0.34	-0.69	0.63	243.86	39.29	90.21
0.97	0.19	0.16	11.04	9.15	29.39
0.26	-0.77	0.58	288.80	35.13	65.15
-0.15	-0.49	0.86	252.51	59.43	83.24
0.81	0.21	0.55	14.44	33.55	83.18
0.48	0.54	0.69	48.41	43.40	100.70
-0.41	0.69	0.59	120.92	36.28	35.79
-0.10	0.70	0.71	97.84	44.84	70.57
0.82	-0.55	0.12	326.08	7.01	69.58
0.71	-0.65	0.29	317.61	16.64	37.56
0.20	-0.71	0.67	285.48	42.17	71.04
0.92	-0.21	0.32	347.20	18.77	65.14
0.92	-0.21	0.32	347.20	18.77	65.14
0.97	0.19	0.16	11.04	9.15	29.39
-0.15	-0.49	0.86	252.51	59.43	83.24
0.62	-0.10	0.78	351.08	51.48	70.63
0.66	0.38	0.65	29.92	40.25	69.90
-0.51	0.04	0.86	175.89	59.16	32.20
-0.51	0.04	0.86	175.89	59.16	32.20
-0.93	0.13	0.34	172.08	19.85	50.20
-0.07	-0.61	0.79	263.88	51.93	21.55
0.16	0.02	0.99	8.45	80.84	67.49
0.00	-0.52	0.85	270.50	58.71	44.44
-0.98	-0.04	0.20	182.24	11.81	64.52
-0.18	0.87	0.45	101.81	27.00	52.26
0.78	-0.48	0.40	328.46	23.82	55.16
-0.25	-0.61	0.75	247.50	48.82	13.22
0.79	-0.45	0.42	330.09	24.73	75.29
-0.12	-0.07	0.99	211.68	81.90	44.78
0.78	-0.48	0.40	328.46	23.82	55.16
0.09	-0.10	0.99	310.63	82.47	18.78
0.21	-0.48	0.85	293.49	58.72	50.62
-0.61	0.78	0.15	128.33	8.82	26.98
0.26	0.09	0.96	19.31	73.72	85.79
-0.15	-0.98	0.16	261.09	9.04	69.80
0.43	-0.35	0.83	321.05	56.42	45.53
-0.37	0.16	0.91	156.36	65.85	33.03
0.88	-0.31	0.35	340.44	20.55	36.29
0.05	-0.66	0.75	274.14	48.58	13.46
-0.33	-0.14	0.93	203.45	69.12	41.61
0.05	-0.66	0.75	274.14	48.58	13.46
-0.85	-0.46	0.25	208.12	14.48	70.39
0.78	0.46	0.42	30.79	24.84	44.41
0.18	-0.42	0.89	293.87	62.99	41.33
0.21	-0.93	0.30	282.62	17.25	49.50
-0.64	0.76	0.08	130.14	4.81	26.73
0.41	0.49	0.77	49.98	50.23	60.93
-0.86	-0.22	0.47	194.18	27.74	53.54
0.70	-0.40	0.60	330.40	36.88	46.57
0.61	-0.61	0.52	315.09	31.01	57.00
-0.33	-0.79	0.53	247.47	31.68	14.19
0.60	-0.71	0.38	310.14	22.52	39.43
-0.97	-0.14	0.17	188.27	10.02	83.70
-0.62	0.65	0.44	133.64	25.89	80.76
0.12	0.94	0.32	82.46	18.51	15.13
0.65	-0.74	0.15	311.45	8.87	63.04
0.65	-0.74	0.15	311.45	8.87	63.04
0.80	-0.24	0.55	343.21	33.22	69.37
-0.90	0.25	0.35	164.50	20.44	14.15
0.11	-0.35	0.93	288.17	68.39	30.73
-0.61	0.64	0.46	133.59	27.58	27.99
0.08	-0.98	0.20	274.57	11.51	61.69
0.69	-0.61	0.40	318.47	23.63	40.74
-0.99	0.17	0.02	170.41	1.28	50.75
-0.55	0.79	0.27	124.99	15.91	67.05
0.90	0.44	0.02	26.21	0.90	37.74
-0.45	-0.42	0.79	223.01	52.49	62.73
-0.45	-0.42	0.79	223.01	52.49	62.73
0.89	-0.30	0.35	341.28	20.73	36.16
-0.32	-0.80	0.51	248.01	30.90	14.66
0.21	-0.48	0.85	293.49	58.72	50.62
-0.94	-0.21	0.28	192.87	16.17	67.93
0.47	0.75	0.46	57.87	27.17	69.37
0.55	-0.74	0.38	306.84	22.51	72.78
-0.92	0.36	0.16	158.68	9.44	43.42
-0.92	0.36	0.16	158.68	9.44	43.42
-0.96	-0.07	0.26	183.99	15.31	85.15
-0.55	0.39	0.74	144.53	47.80	51.23
-0.50	0.74	0.46	123.87	27.11	53.71
0.74	-0.40	0.55	331.65	33.25	51.14
0.74	-0.40	0.55	331.65	33.25	51.14
0.86	-0.26	0.43	342.98	25.53	57.14
0.86	-0.26	0.43	342.98	25.53	57.14
-0.17	-0.98	0.13	260.37	7.51	59.80
0.50	0.49	0.72	44.26	45.88	53.09
0.69	-0.61	0.40	318.47	23.63	40.74
-0.79	0.57	0.23	144.17	13.01	28.70
-0.80	0.33	0.50	157.47	29.95	20.21
-0.90	-0.35	0.27	201.28	15.86	48.25
0.19	-0.98	0.02	280.76	1.37	28.02
-0.97	-0.12	0.19	187.02	10.78	49.45
-0.61	-0.09	0.79	188.15	51.93	64.79
0.62	0.12	0.78	10.96	51.17	51.90
-0.25	0.90	0.36	105.82	21.41	20.23
-0.25	0.90	0.36	105.82	21.41	20.23
0.04	0.64	0.76	86.11	49.85	52.72
-0.99	-0.16	0.01	189.08	0.69	48.60
0.03	-0.22	0.97	277.59	77.11	8.58
0.71	-0.43	0.55	328.76	33.65	23.20
-0.25	-0.61	0.75	247.50	48.82	13.22
-0.13	-0.47	0.87	255.08	60.76	23.29
-0.13	-0.47	0.87	255.08	60.76	23.29
-0.39	0.44	0.81	131.96	53.90	49.12
-0.83	0.53	0.18	147.47	10.10	77.76
-0.66	0.20	0.72	163.55	46.24	12.01
0.87	0.47	0.17	28.55	10.00	47.33
0.81	-0.54	0.22	326.26	12.86	69.21
0.55	-0.77	0.32	305.27	18.96	69.84
0.71	-0.62	0.33	318.61	19.11	51.16
-0.75	-0.66	0.06	221.10	3.21	51.31
-0.93	0.02	0.37	178.83	21.93	71.78
-0.25	-0.61	0.75	247.50	48.82	13.22
0.98	-0.10	0.19	354.28	10.93	49.09
0.57	-0.80	0.20	305.40	11.65	64.90
-0.21	-0.54	0.82	248.46	54.65	9.50
0.77	-0.62	0.15	320.82	8.79	47.57
-0.98	-0.14	0.17	188.10	9.59	28.25
0.53	-0.15	0.84	344.16	56.87	54.59
0.76	-0.48	0.43	327.88	25.64	32.05
0.84	0.46	0.29	28.94	17.07	26.08
-0.86	-0.03	0.51	182.15	30.86	13.26
0.94	0.34	0.07	20.10	3.90	57.00
-0.95	-0.01	0.30	180.55	17.38	78.22
-0.98	0.01	0.20	179.67	11.55	41.49
-1.00	-0.00	0.04	180.22	2.10	64.70
-0.29	-0.82	0.49	250.77	29.17	64.12
-0.23	0.89	0.40	104.81	23.43	20.19
0.41	0.67	0.62	58.33	38.59	40.89
0.80	0.11	0.59	7.85	36.15	44.75
-0.87	0.02	0.49	179.00	29.45	47.99
-0.11	0.37	0.92	106.37	67.40	15.03
-0.39	-0.87	0.29	245.86	17.12	71.46
0.35	-0.87	0.34	291.79	19.81	62.78
-0.34	-0.92	0.20	249.76	11.35	60.56
-0.34	-0.92	0.20	249.76	11.35	60.56
-0.76	-0.05	0.65	183.73	40.82	29.23
-0.82	0.09	0.57	173.57	34.87	48.39
-0.03	0.69	0.73	92.54	46.63	51.85
0.08	0.71	0.70	83.87	44.08	70.15
-0.67	0.41	0.63	148.62	38.82	32.80
-0.83	0.08	0.56	174.67	34.03	72.09
-0.77	-0.20	0.60	194.45	36.84	43.03
0.20	-0.82	0.53	283.56	32.10	63.68
-0.34	0.03	0.94	174.50	69.98	66.24
-0.80	0.33	0.50	157.47	29.95	20.21
0.84	0.46	0.29	28.94	17.07	26.08
0.54	0.02	0.84	2.35	57.04	76.01
0.99	-0.12	0.11	353.03	6.12	38.17
0.81	-0.47	0.35	329.58	20.45	88.73
0.91	-0.26	0.33	344.23	19.49	80.78
-0.04	0.84	0.54	93.07	32.97	29.26
0.41	0.62	0.67	56.97	41.82	11.30
0.22	0.94	0.24	76.79	14.04	35.69
0.12	-0.91	0.40	277.41	23.43	39.38
0.56	-0.48	0.67	319.84	42.44	85.65
0.80	-0.55	0.25	325.45	14.45	30.95
0.76	-0.08	0.64	353.77	39.83	29.47
0.07	0.95	0.30	85.70	17.65	54.86
0.78	-0.59	0.21	323.05	11.85	78.44
0.44	-0.81	0.39	298.34	22.73	23.03
0.44	-0.81	0.39	298.34	22.73	23.03
0.67	0.63	0.39	42.88	23.08	67.91
0.81	-0.50	0.30	328.04	17.68	56.88
0.33	-0.47	0.82	305.06	54.93	48.43
-0.40	0.75	0.53	117.93	31.80	37.94
0.43	0.69	0.58	58.09	35.47	60.19
0.65	-0.41	0.63	327.70	39.37	78.38
-0.14	-0.99	0.00	261.83	0.23	48.77
-0.98	0.05	0.19	176.80	11.02	68.05
-0.99	0.11	0.13	173.35	7.37	50.73
0.58	-0.81	0.02	305.56	0.88	61.66
-0.56	0.11	0.82	168.70	55.19	59.84
0.55	-0.32	0.77	329.71	50.22	74.34
-0.80	0.59	0.05	143.48	3.09	17.40
-0.45	0.02	0.89	177.82	63.08	59.75
-0.45	0.02	0.89	177.82	63.08	59.75
0.76	0.52	0.39	34.60	22.75	53.71
-0.20	0.19	0.96	137.38	73.98	70.38
0.11	-0.54	0.83	281.90	56.22	38.22
0.87	-0.40	0.28	335.02	16.47	95.35
-0.23	0.96	0.14	103.69	8.04	63.61
0.48	0.79	0.38	58.83	22.64	61.56
-0.95	0.10	0.29	174.22	16.57	16.92
-0.51	0.27	0.81	151.80	54.57	41.83
-0.45	0.64	0.63	124.95	38.91	88.55
0.08	0.30	0.95	75.85	71.86	58.20
-0.48	-0.81	0.34	239.19	19.90	30.49
-0.31	-0.68	0.66	245.39	41.15	17.62
0.51	-0.65	0.57	307.83	34.46	39.72
0.65	-0.54	0.53	320.74	32.29	64.09
-0.04	-0.83	0.56	267.12	34.30	29.59
-0.19	-0.97	0.16	259.13	9.20	73.01
0.73	0.42	0.53	30.09	32.15	51.17
-0.03	-0.67	0.74	267.23	48.09	47.49
-0.14	0.88	0.45	99.31	26.80	45.96
-0.10	0.97	0.22	96.06	12.60	63.64
0.85	0.38	0.36	24.17	21.32	79.57
0.99	-0.10	0.11	354.40	6.39	28.75
0.68	-0.70	0.20	314.22	11.69	62.60
0.73	0.58	0.36	38.22	20.98	14.25
0.98	-0.02	0.21	359.02	12.14	61.54
-0.74	-0.61	0.27	219.33	15.78	48.61
-0.05	-0.00	1.00	185.22	87.14	70.09
-0.69	-0.43	0.58	212.06	35.56	23.54
0.89	0.26	0.38	16.23	22.53	50.13
0.95	0.18	0.24	10.84	13.62	76.86
0.89	0.44	0.07	26.37	3.80	46.21
0.82	-0.52	0.22	327.71	12.72	85.10
-0.37	-0.16	0.91	202.81	66.17	85.48
0.78	0.54	0.31	34.97	18.11	29.96
-0.41	-0.90	0.13	245.49	7.47	20.39
-0.17	0.58	0.80	105.84	52.79	30.72
-0.18	-0.10	0.98	208.52	78.17	56.02
-0.91	-0.11	0.39	186.83	22.88	17.68
-0.99	0.06	0.10	176.46	5.66	51.18
0.33	-0.47	0.82	305.06	54.93	48.43
0.10	0.23	0.97	66.82	75.55	58.31
-0.88	0.23	0.41	165.32	24.41	32.05
0.68	0.67	0.30	44.73	17.26	57.40
-0.83	-0.08	0.55	185.21	33.15	80.91
0.51	-0.75	0.43	304.23	25.35	45.83
0.82	-0.57	0.05	325.48	2.66	82.98
0.84	-0.54	0.06	326.96	3.49	65.69
-0.56	0.11	0.82	168.70	55.19	59.84
-0.83	0.53	0.16	147.31	8.95	64.70
0.84	-0.54	0.06	327.28	3.34	65.99
0.84	-0.54	0.06	327.04	3.47	65.93
