9.031137937937938887e+02 5.857704904904906016e+02
9.110626626626627740e+02 5.876048448448449335e+02
5.136192192192193033e+02 4.757092292292292655e+02
5.558093693693693922e+02 4.738748748748749335e+02
4.280160160160161098e+00 4.194556956956957379e+02
3.100058858858859026e+02 3.766540940940941482e+02
4.524740740740741103e+02 3.546418418418418810e+02
8.419686486486486956e+02 2.879936336336336922e+02
8.272938138138139266e+02 2.837134734734735275e+02
4.830466466466467068e+01 1.926072072072072388e+02
2.158423623623623939e+02 1.143414214214214297e+02
