1091
1135
1136
1140
1157
1158
1159
1218
1231
1232
1546
1567
1573
1579
1587
1593
1594
442
459
460
493
2422
2437
2521
2526
2533
2535
2536
2545
1105
1437
1438
1473
1474
1475
1493
1502
1505
1506
1515
1516
1517
1518
1519
1520
1521
1525
1526
1527
1528
1529
1537
1538
1539
1544
1545
1547
1548
1549
1555
1556
1557
1562
1563
1569
1574
1575
1576
1577
1578
1588
1598
1599
1608
1609
187
292
299
308
309
314
315
316
321
329
334
337
340
341
343
346
351
352
356
360
361
368
369
370
371
377
378
379
380
387
388
389
390
391
395
396
397
398
399
403
404
405
406
409
412
413
415
416
417
418
419
420
421
422
428
429
430
431
432
433
434
455
458
461
462
463
467
489
491
492
3226
3275
3281
