2.209761797752809116e+02 1.090149153558052603e+03
4.695743820224719798e+02 9.142889438202247447e+02
5.312635655430711950e+02 6.509589962546816651e+02
5.505989812734082989e+02 6.233369737827715653e+02
5.515197153558052605e+02 6.049222921348315367e+02
5.110074157303371294e+02 6.067637602996255737e+02
5.809832059925093972e+02 5.110074157303371294e+02
5.662514606741573289e+02 4.557633707865168731e+02
7.540812134831461435e+02 4.456352958801498403e+02
7.494775430711611079e+02 4.437938277153558602e+02
4.971964044943820937e+01 4.557633707865168731e+02
7.200140524344569712e+02 4.272206142322097548e+02
7.430324044943820354e+02 4.189340074906367590e+02
5.957149513108614656e+02 3.903912509363296408e+02
6.095259625468165723e+02 3.590862921348314671e+02
6.371479850187266720e+02 2.651714157303371167e+02
6.270199101123596392e+02 2.090066367041198703e+02
6.583248689138576992e+02 1.463967191011236082e+02
