# Column 1:   Selected grain boundary location of the input sample
# Column 2:   Void parameter value
# Column 3:   Distance from the grain boundary to the void
# Column 4:   Void ID
# Column 5:   Sorted GB by distance from the center of the void

6230	0.8	6.996114348854080	0	4
6315	1	1.200000000000000	0	2
6565	-1	3.000000000000000	0	0
6599	-1	0.000000000000000	0	0
6600	0.9	4.068667356033675	0	3
6618	-1	0.000000000000000	0	0
6688	0.6	11.926054218842426	0	6
6720	-1	1.000000000000000	0	0
6756	-1	8.854377448471462	0	0
6757	0.7	7.778174593052023	0	5
6771	1	0.756490071132974	0	1
192	-1	3.137858162210945	1	0
193	0.7	4.194759823286947	1	5
194	0.8	2.852798895551795	1	3
195	-1	6.063390625908324	1	0
382	-1	1.000000000000000	1	0
400	0.9	1.979898987322333	1	2
401	1	1.227143982155793	1	1
407	-1	3.000000000000000	1	0
422	-1	0.000000000000000	1	0
449	0.8	3.395498750508662	1	4
3996	0.8	7.602631123499284	2	4
4046	1	1.736486284248919	2	1
4205	0.9	7.055406512876980	2	3
4311	-1	0.894427190999916	2	0
4312	-1	4.000000000000000	2	0
4321	-1	0.000000000000000	2	0
4325	-1	0.242535625036333	2	0
4326	-1	6.708203932499369	2	0
4341	0.9	4.213481299060700	2	2
4342	-1	7.071067811865475	2	0
4383	-1	9.000000000000000	2	0
4384	-1	8.944271909999159	2	0
4389	-1	3.000000000000000	2	0
2086	0.9	1.455213750217998	3	2
2087	0.7	7.158705108015654	3	5
2135	1	0.538138235197050	3	1
2137	-1	18.000000000000000	3	0
2138	0.8	6.144239403892804	3	4
2300	-1	0.000000000000000	3	0
2340	-1	9.192388155425117	3	0
2343	-1	11.313708498984759	3	0
2365	0.6	11.752577458714192	3	6
2366	0.5	18.331633328424527	3	7
2416	-1	1.788854381999832	3	0
2442	-1	6.260990336999411	3	0
2485	-1	7.000000000000000	3	0
2504	-1	9.000000000000000	3	0
2505	-1	9.000000000000000	3	0
2555	0.8	4.000000000000000	3	3
2688	1	1.086428952510222	4	1
2723	1	1.697749375254331	4	2
264	1	2.000000000000000	5	1
343	0.5	6.833309421287669	5	8
454	0.9	2.683281572999748	5	2
455	-1	0.000000000000000	5	0
498	-1	1.414213562373095	5	0
499	-1	3.000000000000000	5	0
514	0.6	5.692099788303082	5	6
532	0.5	6.575959492214292	5	7
533	0.9	2.711630722733202	5	3
549	0.7	5.335783750799326	5	5
590	0.7	4.024922359499621	5	4
5405	0.8	5.295135648730970	6	3
5437	1	1.961161351381840	6	1
5545	0.6	9.391485505499116	6	6
5624	-1	12.600000000000000	6	0
5625	-1	14.309601877143646	6	0
5648	0.3	14.797824494029436	6	9
5649	-1	14.000000000000000	6	0
5650	-1	7.778174593052023	6	0
5667	-1	5.295135648730970	6	0
5678	0.2	17.000000000000000	6	10
5679	-1	9.803060746521975	6	0
5680	-1	14.849242404917497	6	0
5697	-1	12.000000000000000	6	0
5706	-1	1.000000000000000	6	0
5710	0.4	13.597793938724031	6	8
5711	-1	0.707106781186547	6	0
5728	-1	8.000000000000000	6	0
5796	-1	8.485281374238570	6	0
5843	-1	3.333974297349129	6	0
5844	0.7	8.140486221569747	6	5
5845	-1	4.472135954999580	6	0
5859	0.5	12.001126073291083	6	7
5860	-1	0.707106781186547	6	0
5861	-1	2.121320343559642	6	0
5867	-1	0.707106781186547	6	0
5874	-1	2.000000000000000	6	0
5875	-1	2.121320343559642	6	0
5876	-1	2.000000000000000	6	0
5878	-1	4.949747468305833	6	0
5895	-1	3.000000000000000	6	0
6046	-1	13.000000000000000	6	0
6057	0.9	3.130495168499706	6	2
6093	0.9	5.382424342550362	6	4
3217	0.9	3.687817782917155	7	3
3390	-1	4.000000000000000	7	0
3407	-1	2.000000000000000	7	0
3478	-1	1.788854381999832	7	0
3491	-1	2.828427124746190	7	0
3495	-1	2.828427124746190	7	0
3505	1	2.747211278973781	7	2
3507	-1	1.788854381999832	7	0
3528	-1	6.000000000000000	7	0
3529	-1	2.218800784900917	7	0
3557	1	1.600000000000000	7	1
4776	0.9	3.395498750508662	8	3
4893	1	0.549442255794756	8	2
4938	-1	1.000000000000000	8	0
4965	-1	2.000000000000000	8	0
4987	-1	2.828427124746190	8	0
5032	1	0.441726104299386	8	1
1315	1	1.660909597074799	9	2
1390	-1	2.000000000000000	9	0
1575	0.9	4.218307438660537	9	3
1576	-1	4.800000000000000	9	0
1659	0.8	5.314910710639358	9	4
1660	1	0.469776175611763	9	1
1052	1	0.112866529596620	10	1
1390	-1	2.000000000000000	10	0
1434	-1	2.121320343559642	10	0
1447	1	0.235294117647059	10	2
4011	0.5	7.562353416046435	11	6
4024	0.8	2.182820625326997	11	3
4106	0.7	3.348937833908629	11	4
4157	-1	1.000000000000000	11	0
4173	1	1.405563856997455	11	1
4196	-1	11.384199576606164	11	0
4197	-1	4.992301766027063	11	0
4198	-1	7.778174593052023	11	0
4199	-1	9.170605214488299	11	0
4201	-1	12.727922061357855	11	0
4210	-1	7.778174593052023	11	0
4211	-1	2.236067977499790	11	0
4218	-1	3.535533905932737	11	0
4219	-1	8.000000000000000	11	0
4244	0.5	7.841756862140748	11	7
4254	-1	6.000000000000000	11	0
4264	-1	5.000000000000000	11	0
4265	-1	5.000000000000000	11	0
4289	-1	1.414213562373095	11	0
4291	-1	3.000000000000000	11	0
4292	-1	5.000000000000000	11	0
4295	0.3	13.859292911256331	11	9
4339	-1	0.707106781186547	11	0
4349	-1	1.000000000000000	11	0
4350	-1	1.000000000000000	11	0
4357	-1	0.000000000000000	11	0
4358	-1	2.828427124746190	11	0
4380	-1	7.778174593052023	11	0
4381	-1	3.000000000000000	11	0
4390	-1	4.000000000000000	11	0
4398	-1	4.472135954999580	11	0
4399	-1	7.778174593052023	11	0
4409	-1	1.414213562373095	11	0
4410	-1	7.071067811865475	11	0
4411	-1	1.414213562373095	11	0
4413	-1	8.485281374238570	11	0
4423	-1	7.155417527999327	11	0
4424	-1	4.000000000000000	11	0
4427	0.9	1.874085142663273	11	2
4428	-1	4.714951667914447	11	0
4435	-1	8.875203139603666	11	0
4443	0.6	6.379052256590136	11	5
4444	-1	1.386750490563073	11	0
4486	0.4	10.601426503185268	11	8
4494	-1	14.600000000000000	11	0
2512	0.8	6.800000000000000	12	3
2513	-1	12.690895300545654	12	0
2571	-1	9.000000000000000	12	0
2579	0.9	4.427188724235731	12	2
2581	0.6	12.885011812635822	12	6
2582	-1	7.545937746270389	12	0
2615	-1	7.778174593052023	12	0
2625	-1	6.708203932499369	12	0
2630	-1	8.000000000000000	12	0
2644	-1	0.000000000000000	12	0
2656	-1	4.949747468305833	12	0
2657	-1	4.949747468305833	12	0
2711	-1	3.000000000000000	12	0
2717	-1	7.071067811865475	12	0
2718	1	1.386750490563073	12	1
2726	-1	0.894427190999916	12	0
2729	0.7	9.474729115034302	12	4
2737	-1	5.800000000000000	12	0
2779	0.7	12.872049377329695	12	5
2780	-1	3.000000000000000	12	0
2786	-1	4.000000000000000	12	0
2794	-1	6.260990336999411	12	0
2795	-1	2.121320343559642	12	0
2796	-1	8.000000000000000	12	0
2799	-1	3.000000000000000	12	0
2804	-1	9.192388155425117	12	0
2808	-1	6.000000000000000	12	0
2809	-1	1.414213562373095	12	0
2810	-1	4.024922359499621	12	0
2820	-1	2.529822128134704	12	0
2851	-1	2.828427124746190	12	0
2852	-1	3.395498750508662	12	0
2854	-1	7.000000000000000	12	0
2855	-1	7.602631123499284	12	0
453	1	1.600000000000000	13	2
467	-1	3.000000000000000	13	0
472	-1	1.200000000000000	13	0
582	-1	0.000000000000000	13	0
599	1	1.315191898442858	13	1
1095	0.9	0.488901207038705	14	2
1205	-1	6.345447650272827	14	0
1210	0.05	13.863621460498695	14	12
1240	-1	18.190171877724971	14	0
1241	-1	21.000000000000000	14	0
1242	0.0	13.172628238701110	14	11
1259	-1	10.606601717798211	14	0
1261	-1	11.000000000000000	14	0
1271	0.05	21.016166284149421	14	18
1272	0.05	25.455844122715710	14	24
1276	-1	4.160251471689219	14	0
1288	-1	7.000000000000000	14	0
1298	0.05	14.859736360577948	14	13
1329	0.05	24.665765749313358	14	20
1338	-1	4.949747468305833	14	0
1365	0.05	18.000000000000000	14	14
1366	-1	25.000000000000000	14	0
1380	0.7	2.304663838792127	14	4
1381	0.4	6.671345390179443	14	7
1382	-1	12.969194269498779	14	0
1383	-1	1.788854381999832	14	0
1398	-1	17.000000000000000	14	0
1399	0.05	25.000000000000000	14	23
1404	-1	10.539303728279354	14	0
1405	-1	16.641005886756876	14	0
1406	-1	12.074767078498864	14	0
1407	-1	14.849242404917497	14	0
1408	-1	12.969194269498779	14	0
1415	-1	15.000000000000000	14	0
1416	0.8	1.405563856997455	14	3
1423	-1	15.000000000000000	14	0
1427	-1	9.838699100999074	14	0
1428	-1	14.000000000000000	14	0
1433	-1	7.000000000000000	14	0
1456	-1	12.000000000000000	14	0
1495	-1	9.000000000000000	14	0
1496	-1	8.485281374238570	14	0
1504	-1	6.000000000000000	14	0
1505	-1	9.192388155425117	14	0
1523	-1	1.788854381999832	14	0
1534	-1	6.000000000000000	14	0
1538	-1	0.000000000000000	14	0
1539	-1	4.949747468305833	14	0
1546	-1	5.000000000000000	14	0
1547	-1	5.000000000000000	14	0
1566	-1	1.000000000000000	14	0
1572	-1	8.000000000000000	14	0
1587	0.05	18.520066795486013	14	15
1588	-1	16.263455967290593	14	0
1589	-1	1.788854381999832	14	0
1591	0.2	11.138636845199272	14	9
1592	-1	16.263455967290593	14	0
1601	0.6	4.923076923076923	14	5
1602	-1	1.788854381999832	14	0
1603	-1	6.305926250944657	14	0
1612	-1	1.000000000000000	14	0
1615	-1	18.384776310850235	14	0
1667	-1	1.800000000000000	14	0
1677	-1	20.000000000000000	14	0
1689	-1	2.683281572999748	14	0
1693	-1	5.000000000000000	14	0
1703	-1	0.000000000000000	14	0
1719	-1	4.242640687119285	14	0
1720	-1	9.458889376416986	14	0
1722	0.05	20.519150396517979	14	16
1723	0.05	20.696773556367773	14	17
1724	-1	25.800000000000001	14	0
1743	-1	9.000000000000000	14	0
1761	-1	12.727922061357855	14	0
1762	-1	8.000000000000000	14	0
1763	-1	10.000000000000000	14	0
1787	-1	12.000000000000000	14	0
1788	-1	12.000000000000000	14	0
1800	-1	4.949747468305833	14	0
1809	-1	13.000000000000000	14	0
1812	0.3	7.256297000112809	14	8
1825	-1	6.363961030678928	14	0
1838	-1	14.000000000000000	14	0
1839	-1	3.000000000000000	14	0
1850	0.5	6.182518047831701	14	6
1871	-1	13.435028842544401	14	0
1897	-1	9.391485505499116	14	0
1909	-1	1.000000000000000	14	0
1916	0.1	11.715016463422279	14	10
1956	-1	15.000000000000000	14	0
1962	-1	22.000000000000000	14	0
1963	-1	2.121320343559643	14	0
1964	0.05	24.684158732022699	14	21
1989	0.05	24.748737341529164	14	22
1990	1	0.447213595499958	14	1
2008	0.05	23.086643399339710	14	19
3265	-1	2.228344058124622	15	0
3338	-1	4.949747468305833	15	0
3371	-1	4.242640687119285	15	0
3372	-1	1.341640786499874	15	0
3373	1	7.183993046875879	15	1
3382	-1	1.000000000000000	15	0
3383	-1	0.000000000000000	15	0
3402	-1	1.000000000000000	15	0
3403	-1	2.236067977499790	15	0
3410	-1	2.000000000000000	15	0
3412	-1	2.000000000000000	15	0
3414	-1	2.000000000000000	15	0
3415	-1	2.236067977499790	15	0
3422	-1	6.260990336999411	15	0
3431	-1	7.602631123499284	15	0
3445	-1	2.229481606852615	15	0
3448	0.9	9.845029983936838	15	3
3516	0.9	9.708181111197137	15	2
4604	0.9	4.919349550499537	16	2
4642	1	4.569057743101286	16	1
4744	0.3	14.463176906839385	16	9
4796	-1	9.000000000000000	16	0
4807	-1	9.000000000000000	16	0
4829	-1	9.391485505499116	16	0
4850	-1	9.192388155425117	16	0
4854	-1	2.828427124746190	16	0
4855	-1	8.000000000000000	16	0
4864	-1	4.949747468305833	16	0
4876	-1	1.000000000000000	16	0
4882	-1	2.828427124746190	16	0
4890	-1	1.414213562373095	16	0
4891	-1	3.000000000000000	16	0
4892	-1	3.000000000000000	16	0
4896	-1	9.000000000000000	16	0
4897	-1	3.000000000000000	16	0
4898	-1	3.000000000000000	16	0
4900	-1	3.000000000000000	16	0
4902	-1	9.838699100999074	16	0
4918	-1	12.727922061357855	16	0
4927	-1	1.000000000000000	16	0
4928	-1	1.000000000000000	16	0
4929	-1	1.000000000000000	16	0
4936	-1	2.667891875399663	16	0
4937	-1	16.000000000000000	16	0
4949	-1	0.000000000000000	16	0
4950	-1	0.000000000000000	16	0
4951	-1	0.000000000000000	16	0
4955	0.6	7.799204203436179	16	5
4957	-1	3.535533905932737	16	0
4958	-1	0.000000000000000	16	0
4964	-1	1.000000000000000	16	0
4974	-1	14.000000000000000	16	0
4992	-1	10.000000000000000	16	0
5001	-1	2.828427124746190	16	0
5002	-1	8.485281374238570	16	0
5003	-1	3.000000000000000	16	0
5014	-1	4.000000000000000	16	0
5015	-1	4.000000000000000	16	0
5016	-1	8.000000000000000	16	0
5017	-1	4.000000000000000	16	0
5018	-1	4.000000000000000	16	0
5019	0.4	13.532505786855852	16	8
5027	-1	10.606601717798211	16	0
5028	-1	8.497058314499201	16	0
5069	-1	9.000000000000000	16	0
5079	-1	7.000000000000000	16	0
5080	0.7	5.969098507002659	16	4
5081	-1	4.000000000000000	16	0
5088	-1	9.899494936611665	16	0
5092	-1	10.285912696499032	16	0
5134	-1	1.000000000000000	16	0
5139	-1	13.000000000000000	16	0
5140	0.5	10.627061034430366	16	7
5144	-1	3.130495168499706	16	0
5151	0.2	16.768696705146443	16	11
5154	0.8	5.659453309702791	16	3
5205	-1	17.000000000000000	16	0
5206	0.2	16.600000000000001	16	10
5213	0.5	10.000000000000000	16	6
2035	1	0.362142984170074	17	1
2195	0.9	2.172857905020445	17	3
2199	-1	2.000000000000000	17	0
2200	-1	1.000000000000000	17	0
2204	-1	1.000000000000000	17	0
2254	-1	2.000000000000000	17	0
2263	0.9	1.575677194316671	17	2
1029	-1	1.414213562373095	18	0
1671	0.8	10.090091909944686	19	5
1766	-1	4.949747468305833	19	0
1771	-1	4.000000000000000	19	0
1772	-1	2.828427124746190	19	0
1773	-1	4.242640687119285	19	0
1783	-1	3.000000000000000	19	0
1784	-1	3.000000000000000	19	0
1785	-1	3.000000000000000	19	0
1808	-1	2.000000000000000	19	0
1819	-1	2.000000000000000	19	0
1820	-1	3.000000000000000	19	0
1842	-1	2.121320343559642	19	0
1847	-1	0.707106781186547	19	0
1881	-1	8.485281374238570	19	0
1885	-1	6.260990336999411	19	0
1886	0.9	9.121403400793104	19	3
1908	-1	0.000000000000000	19	0
1928	-1	5.000000000000000	19	0
1929	-1	5.000000000000000	19	0
1938	-1	1.414213562373095	19	0
1944	-1	6.000000000000000	19	0
1946	0.8	9.896277367398515	19	4
1953	-1	0.485071250072666	19	0
2006	1	4.949747468305833	19	1
2007	1	8.253582350811168	19	2
