# Column 1-3: misorientation axis in TSL Euler coordinates
# Column 4: alpha (in plane angle)
# Column 5: beta (out of plane angle)
# Column 6: misorientation angle
-0.82	-0.42	0.38	207.13	22.07	30.92
-0.15	0.69	0.71	102.16	45.05	28.27
-0.96	-0.20	0.20	191.87	11.43	78.14
-0.90	-0.01	0.43	180.54	25.78	61.17
0.73	0.35	0.59	25.31	36.08	68.63
0.72	0.45	0.53	32.10	32.18	107.36
0.32	0.83	0.46	69.02	27.42	93.79
-0.19	0.51	0.84	110.34	56.90	81.19
-0.52	0.38	0.77	144.10	49.95	25.67
0.98	-0.07	0.18	356.18	10.53	36.97
0.97	-0.20	0.15	348.28	8.56	34.40
-0.01	0.91	0.42	90.73	25.01	28.93
-0.56	0.70	0.45	128.70	26.97	47.77
0.80	0.37	0.48	24.86	28.49	72.04
0.72	0.06	0.69	4.94	43.57	63.58
0.82	-0.04	0.57	357.55	34.46	51.92
-0.38	0.92	0.04	112.30	2.08	50.76
0.91	-0.37	0.18	337.89	10.17	94.79
0.52	0.10	0.85	10.43	57.84	64.06
-0.73	-0.68	0.07	222.93	4.29	48.97
0.60	0.72	0.36	50.06	21.06	63.28
-0.78	0.34	0.52	156.33	31.66	93.77
0.24	-0.97	0.02	283.82	1.39	54.05
-0.65	0.74	0.17	131.16	9.88	42.24
0.66	0.74	0.15	48.28	8.48	35.66
0.64	0.55	0.53	40.50	32.17	99.78
0.41	-0.34	0.85	320.34	58.11	13.49
-0.81	-0.52	0.26	212.48	14.99	78.11
0.06	0.06	1.00	43.71	85.07	75.11
-0.16	-0.98	0.14	260.45	7.78	39.76
-0.28	-0.68	0.68	247.54	42.59	42.99
-0.81	0.18	0.56	167.76	33.71	12.22
0.88	-0.10	0.46	353.34	27.48	29.56
-0.55	0.55	0.63	135.04	38.87	11.72
0.69	-0.69	0.23	315.05	13.08	49.37
0.64	-0.29	0.71	335.27	45.54	41.31
-0.08	-0.29	0.95	255.35	72.73	32.79
0.51	0.40	0.76	38.06	49.39	86.58
-0.09	0.95	0.29	95.54	16.60	55.42
0.88	-0.47	0.06	332.00	3.66	73.94
-0.31	0.93	0.18	108.40	10.48	45.18
0.12	0.98	0.17	83.14	9.86	44.74
-0.98	0.09	0.16	174.90	9.06	24.75
0.76	-0.30	0.57	338.60	35.06	81.66
-0.78	-0.36	0.51	204.55	30.55	36.86
-0.01	0.18	0.98	92.96	79.42	72.46
0.56	0.70	0.43	51.33	25.56	23.82
-1.00	0.05	0.00	176.99	0.25	54.80
0.07	-1.00	0.01	274.26	0.67	58.64
0.08	0.98	0.17	85.63	9.54	67.04
-0.10	0.99	0.06	95.63	3.51	70.32
-0.50	0.17	0.85	161.01	58.14	67.54
-0.13	-0.85	0.51	261.62	30.63	38.51
0.42	-0.22	0.88	332.27	61.91	42.15
-0.48	0.74	0.47	122.85	28.22	44.37
0.35	0.75	0.56	64.72	34.31	110.83
0.72	0.62	0.32	40.88	18.56	68.95
-0.49	0.50	0.72	134.29	45.98	41.20
-0.47	-0.73	0.49	237.06	29.18	30.41
-0.04	0.61	0.79	94.03	52.47	32.04
0.57	-0.50	0.66	319.00	40.96	66.74
0.02	0.67	0.74	88.13	47.86	41.22
0.46	-0.66	0.60	305.03	36.75	43.26
0.27	-0.31	0.91	311.34	65.86	78.72
0.27	-0.31	0.91	311.34	65.86	78.72
0.05	0.90	0.43	86.74	25.34	7.96
0.67	0.64	0.38	43.83	22.05	74.95
-0.70	-0.65	0.32	222.85	18.46	79.92
-0.28	-0.02	0.96	184.38	73.73	55.86
0.20	0.96	0.21	78.32	11.97	67.55
0.17	-0.70	0.70	283.94	44.23	13.52
0.14	-0.17	0.98	309.37	77.24	13.30
0.42	0.03	0.91	4.31	65.37	81.85
0.36	0.50	0.79	54.20	51.86	100.90
0.96	-0.17	0.24	350.03	14.07	15.26
0.59	-0.30	0.75	332.89	48.90	53.28
-0.45	0.57	0.69	127.76	43.34	49.55
-0.60	-0.63	0.50	226.41	29.71	59.41
-0.94	-0.33	0.06	199.08	3.20	32.09
-0.91	0.20	0.36	167.76	21.14	10.44
0.54	-0.14	0.83	345.34	55.79	9.03
0.35	-0.65	0.67	297.93	42.18	67.63
-0.94	-0.15	0.32	189.10	18.49	26.45
-0.01	-0.81	0.58	269.58	35.41	71.69
-0.01	-0.81	0.58	269.58	35.41	71.69
-0.42	0.41	0.81	136.14	53.99	57.39
-0.49	-0.60	0.63	230.36	39.14	61.07
0.13	0.43	0.89	72.91	62.95	10.14
0.13	0.43	0.89	72.91	62.95	10.14
-0.12	-0.74	0.67	260.70	41.69	60.33
0.31	-0.41	0.86	306.68	59.08	55.43
0.73	0.59	0.33	38.94	19.31	69.28
0.45	0.47	0.76	46.78	49.36	85.42
0.45	0.47	0.76	46.78	49.36	85.42
0.22	-0.88	0.41	283.80	24.38	8.28
0.17	-0.86	0.47	280.81	28.29	23.70
0.14	-0.85	0.51	279.64	30.62	15.46
0.88	-0.40	0.23	335.46	13.41	73.14
0.61	0.74	0.28	50.66	15.98	71.16
-0.95	-0.31	0.04	198.17	2.08	47.47
0.48	-0.75	0.46	302.74	27.22	19.64
-0.76	0.46	0.46	148.75	27.66	41.85
-0.43	-0.40	0.81	223.58	54.08	46.95
0.36	0.86	0.36	67.37	20.99	69.95
0.97	-0.18	0.15	349.53	8.77	15.78
0.17	-0.86	0.47	280.81	28.29	23.70
-0.07	0.98	0.20	94.12	11.38	39.51
0.51	-0.82	0.26	302.05	14.91	86.42
-0.94	0.02	0.34	178.91	19.76	52.21
0.57	0.10	0.82	10.49	54.80	42.72
0.57	0.10	0.82	10.49	54.80	42.72
-0.03	0.97	0.25	92.04	14.50	58.35
0.41	-0.64	0.65	302.43	40.60	14.79
0.40	0.81	0.42	63.92	24.88	53.83
-0.48	-0.78	0.41	238.44	24.00	26.80
0.08	0.52	0.85	80.78	57.97	63.59
-0.08	-0.05	1.00	208.82	84.55	27.90
0.12	0.95	0.27	82.94	15.88	16.92
0.90	-0.29	0.33	341.95	19.12	58.40
0.12	0.99	0.04	83.24	2.43	41.94
-0.92	0.09	0.37	174.42	21.86	9.92
-0.72	-0.39	0.57	208.73	34.86	17.30
0.74	-0.53	0.42	324.03	24.72	9.57
-0.21	-0.40	0.89	242.12	62.77	9.02
-0.95	-0.22	0.20	193.11	11.32	11.14
0.89	-0.34	0.32	339.24	18.76	67.58
-0.69	0.66	0.30	136.34	17.58	41.82
-0.69	0.66	0.30	136.34	17.58	41.82
-0.46	0.69	0.55	123.69	33.57	31.83
-0.47	0.78	0.41	120.72	24.07	48.77
-0.25	0.85	0.47	106.44	28.18	45.99
0.42	-0.04	0.91	354.80	64.90	56.20
-0.34	0.92	0.17	110.45	9.64	62.45
0.55	0.66	0.51	49.81	30.81	36.93
0.55	0.66	0.51	49.81	30.81	36.93
0.73	-0.60	0.34	320.54	19.87	28.46
0.48	0.55	0.69	48.82	43.49	51.46
-0.70	0.56	0.45	141.62	26.60	26.29
0.90	-0.43	0.07	334.63	4.29	39.56
-1.00	0.00	0.09	179.82	5.30	26.86
0.01	-0.20	0.98	273.33	78.71	22.42
0.05	0.43	0.90	84.00	64.29	38.94
0.04	0.89	0.46	87.69	27.27	14.40
0.90	0.36	0.23	21.74	13.35	30.30
0.08	0.52	0.85	80.78	57.97	63.59
0.86	-0.01	0.52	359.02	31.00	17.31
0.31	0.14	0.94	23.97	70.06	68.18
0.31	0.14	0.94	23.97	70.06	68.18
0.23	0.06	0.97	15.98	76.41	42.87
-0.65	0.56	0.52	139.50	31.04	55.92
-0.64	0.29	0.71	155.36	45.15	67.61
-0.63	0.29	0.72	155.24	46.35	74.51
-0.53	-0.77	0.37	235.34	21.53	47.21
-0.03	-0.99	0.17	268.43	9.59	58.60
-0.57	0.42	0.70	143.75	44.68	60.44
-0.57	0.42	0.70	143.75	44.68	60.44
-0.85	0.52	0.09	148.46	5.26	37.46
-0.08	-0.94	0.33	265.33	19.06	43.98
0.03	0.94	0.35	88.31	20.23	46.21
-0.96	0.10	0.26	174.16	15.26	33.07
1.00	0.06	0.04	3.37	2.06	59.55
-0.31	0.14	0.94	155.16	70.34	43.72
-0.05	-0.13	0.99	247.86	81.76	15.08
0.85	-0.44	0.30	332.76	17.25	39.32
0.26	-0.50	0.83	297.54	55.88	31.44
0.02	0.83	0.56	88.93	34.14	56.53
-0.31	-0.83	0.46	249.50	27.23	46.01
0.84	-0.03	0.54	357.80	32.38	9.66
-0.41	-0.74	0.54	241.02	32.56	45.96
-0.72	0.44	0.53	148.81	32.34	51.43
-0.10	0.56	0.82	100.59	55.39	12.45
-0.22	-0.81	0.55	255.11	33.19	42.53
-0.43	0.22	0.87	153.23	60.97	40.08
-0.05	0.32	0.95	98.19	71.14	98.82
-0.71	0.29	0.64	157.80	39.99	64.61
0.98	-0.18	0.05	349.88	2.92	57.52
-0.67	0.18	0.72	164.81	46.00	42.47
0.92	-0.40	0.06	336.48	3.55	41.12
0.02	-0.08	1.00	283.67	85.51	49.05
-0.34	-0.76	0.55	246.14	33.45	56.37
-0.34	-0.76	0.55	246.14	33.45	56.37
0.28	-0.74	0.61	290.67	37.39	55.46
-0.01	0.14	0.99	93.53	81.84	49.29
-0.08	0.88	0.46	95.39	27.50	53.84
-0.87	0.21	0.45	166.70	26.69	9.54
-0.87	0.21	0.45	166.70	26.69	9.54
0.12	-0.77	0.62	279.05	38.67	50.36
0.20	-0.20	0.96	316.23	73.53	67.20
0.23	0.83	0.51	74.40	30.65	53.52
0.71	-0.32	0.62	335.98	38.64	58.63
0.43	-0.19	0.88	336.26	61.64	36.60
0.41	0.57	0.71	54.57	45.52	76.50
0.36	0.63	0.68	60.21	43.02	70.25
0.55	0.30	0.78	28.60	51.06	59.49
0.55	0.30	0.78	28.60	51.06	59.49
0.97	-0.12	0.21	353.04	12.38	46.77
0.82	0.49	0.31	30.98	18.05	66.58
-0.75	-0.16	0.65	192.37	40.28	72.19
-0.62	0.45	0.65	143.97	40.26	10.00
-0.62	0.45	0.65	143.97	40.26	10.00
0.17	-0.87	0.46	280.73	27.17	51.46
-0.95	-0.11	0.29	186.71	16.56	50.01
0.32	-0.88	0.34	289.92	19.97	24.16
0.22	-0.75	0.62	285.91	38.32	13.77
0.62	-0.38	0.69	328.63	43.74	69.86
-0.29	0.33	0.90	131.52	63.85	60.03
0.96	-0.00	0.28	359.86	16.39	51.70
-0.96	0.21	0.18	167.71	10.57	77.64
-0.31	0.14	0.94	155.16	70.34	43.72
-0.45	0.58	0.68	127.83	43.03	85.54
0.04	0.75	0.66	86.70	41.06	67.81
-0.55	-0.09	0.83	188.98	56.08	57.57
0.67	0.04	0.74	3.55	47.54	43.43
-0.85	0.52	0.07	148.71	4.08	76.21
-0.98	-0.18	0.12	190.67	6.94	33.01
-0.11	0.16	0.98	123.34	78.69	35.91
-0.98	-0.08	0.17	184.56	9.99	41.52
-0.75	-0.16	0.65	192.37	40.28	72.19
0.79	-0.07	0.61	354.59	37.80	46.65
0.77	0.01	0.64	1.04	39.49	64.23
-0.16	0.98	0.14	99.48	7.97	27.41
-0.16	0.98	0.14	99.48	7.97	27.41
-0.76	-0.64	0.09	220.19	5.33	22.41
-0.69	-0.56	0.45	219.16	26.90	23.11
0.97	0.03	0.24	1.61	14.15	56.27
-0.44	0.90	0.02	115.79	1.08	48.60
-0.71	0.61	0.37	139.37	21.44	51.27
0.76	0.28	0.59	20.38	36.26	56.04
0.18	0.87	0.46	78.24	27.07	68.64
-0.61	-0.52	0.60	220.10	36.87	38.80
-0.63	-0.55	0.55	221.27	33.10	61.69
-0.71	-0.35	0.61	206.15	37.88	44.91
-0.55	0.83	0.04	123.58	2.17	30.92
-0.51	0.41	0.75	141.02	48.93	13.89
-0.85	0.38	0.37	155.69	21.83	65.74
0.86	-0.28	0.43	342.00	25.48	49.82
-0.41	0.61	0.68	124.07	43.05	64.52
-0.98	0.17	0.04	170.15	2.20	55.92
-0.84	0.40	0.36	154.40	20.80	65.94
0.15	-0.15	0.98	314.17	77.72	57.67
-0.98	-0.21	0.05	192.00	2.76	57.52
-0.49	-0.78	0.39	237.74	22.79	64.38
-0.49	-0.78	0.39	237.74	22.79	64.38
-0.28	-0.96	0.02	253.75	1.10	16.30
-0.28	-0.96	0.02	253.75	1.10	16.30
-0.18	-0.61	0.77	253.99	50.62	81.93
-0.83	0.15	0.54	169.67	32.59	21.99
-0.14	0.63	0.77	102.71	50.07	48.61
-0.14	0.63	0.77	102.71	50.07	48.61
0.91	0.42	0.06	24.62	3.52	52.64
0.91	0.42	0.06	24.62	3.52	52.64
-0.81	0.35	0.48	156.78	28.73	82.98
0.23	0.29	0.93	52.24	68.19	33.54
-0.29	-0.06	0.96	191.10	72.97	39.56
0.61	-0.78	0.13	307.99	7.57	53.65
-0.03	0.46	0.89	93.15	62.67	29.10
0.44	-0.46	0.77	313.52	50.13	38.47
0.53	-0.83	0.19	302.47	11.15	41.94
-0.29	0.77	0.57	110.47	34.46	42.46
0.63	-0.77	0.12	309.41	6.86	52.64
-0.26	0.35	0.90	126.32	64.01	26.67
0.02	0.39	0.92	86.75	67.01	58.35
-0.53	-0.57	0.63	226.96	39.04	59.85
-0.93	-0.05	0.37	183.17	21.72	50.99
0.10	0.35	0.93	74.11	68.74	29.47
-0.72	-0.69	0.10	223.56	5.75	56.68
-0.72	-0.69	0.10	223.56	5.75	56.68
0.93	0.15	0.35	9.04	20.36	62.03
1.00	0.02	0.03	1.26	1.76	71.34
0.78	0.20	0.59	14.50	36.42	71.64
-0.96	0.27	0.02	164.55	1.34	37.95
-0.52	-0.70	0.49	233.31	29.33	24.10
-0.95	-0.11	0.31	186.33	17.86	81.01
0.41	-0.80	0.44	297.12	26.40	33.64
-0.32	0.85	0.42	110.88	24.53	63.21
-0.98	0.15	0.15	171.11	8.88	84.33
0.85	0.53	0.02	31.80	1.24	55.29
-0.53	0.11	0.84	168.23	57.04	42.99
-0.73	0.23	0.64	162.69	39.86	48.15
-0.24	0.91	0.33	104.72	19.49	75.33
0.16	-0.96	0.22	279.35	12.53	14.87
-0.47	-0.23	0.85	205.59	58.36	76.50
-0.32	-0.76	0.56	247.24	34.03	43.35
-0.32	-0.76	0.56	247.24	34.03	43.35
0.33	-0.26	0.91	321.57	64.88	65.70
0.33	-0.26	0.91	321.57	64.88	65.70
-0.14	0.33	0.93	112.85	68.86	41.84
0.74	0.47	0.48	32.47	28.75	88.81
0.97	0.06	0.25	3.27	14.67	75.14
-0.45	-0.83	0.33	241.51	19.56	49.61
0.80	-0.44	0.41	331.18	24.01	78.32
-0.28	0.94	0.18	106.29	10.15	48.86
0.84	0.52	0.16	32.12	9.12	68.29
0.54	0.60	0.59	48.14	36.31	60.73
0.87	0.01	0.50	0.92	30.06	33.42
-0.42	-0.22	0.88	208.18	61.73	43.35
0.64	0.29	0.71	24.30	45.28	77.49
0.96	-0.06	0.26	356.58	15.05	79.56
-0.83	-0.52	0.22	212.01	12.67	57.08
0.69	0.19	0.70	15.83	44.39	82.44
0.73	-0.37	0.58	332.92	35.28	75.28
0.70	0.46	0.55	33.57	33.14	87.75
0.61	0.46	0.64	37.27	40.00	72.49
0.78	-0.61	0.14	321.73	8.16	14.15
0.27	0.55	0.79	63.84	52.49	46.74
0.67	-0.05	0.74	356.08	48.05	49.49
-0.88	0.26	0.39	163.70	22.86	54.19
-0.09	0.98	0.17	95.26	9.82	42.03
0.25	-0.96	0.13	284.57	7.37	53.88
0.25	-0.96	0.13	284.57	7.37	53.88
-0.89	0.01	0.46	179.54	27.68	50.00
0.95	0.24	0.18	14.20	10.13	77.54
0.43	0.22	0.87	27.45	60.81	13.17
0.33	-0.94	0.04	289.35	2.44	39.59
0.08	-0.77	0.64	276.25	39.65	87.20
0.21	-0.83	0.52	284.17	31.40	27.55
0.93	-0.19	0.30	348.28	17.63	19.28
0.68	0.53	0.50	37.99	29.86	76.32
-0.96	0.27	0.01	164.36	0.57	55.40
0.74	0.56	0.37	36.97	21.57	16.14
0.08	0.38	0.92	78.60	67.10	35.18
0.88	-0.12	0.46	352.42	27.58	44.40
-0.50	0.87	0.01	119.95	0.32	45.05
0.86	-0.50	0.09	329.92	5.28	77.94
0.98	-0.01	0.22	359.64	12.45	30.70
0.94	0.31	0.14	18.31	8.16	12.50
0.94	0.31	0.14	18.31	8.16	12.50
0.35	-0.83	0.44	293.01	26.29	47.73
0.43	-0.82	0.39	297.78	22.76	30.78
0.90	0.21	0.38	13.15	22.04	82.86
-0.78	0.49	0.40	147.82	23.55	55.59
-0.54	0.76	0.36	125.79	21.40	87.60
-0.03	0.55	0.83	93.33	56.49	16.27
-0.03	0.55	0.83	93.33	56.49	16.27
-0.34	-0.54	0.77	238.18	50.40	50.61
0.56	-0.56	0.61	315.13	37.66	48.02
0.83	0.22	0.51	14.75	30.91	73.55
-0.19	0.57	0.80	108.49	53.31	19.14
0.05	-1.00	0.06	272.81	3.48	32.57
0.74	-0.08	0.67	353.69	42.15	67.12
0.15	0.01	0.99	5.20	81.57	67.34
0.35	-0.10	0.93	344.62	68.94	53.76
0.81	0.39	0.44	25.53	26.22	66.15
0.94	-0.30	0.16	342.16	9.50	21.75
-0.39	-0.90	0.21	246.35	11.98	49.19
-0.39	-0.90	0.21	246.35	11.98	49.19
-0.54	-0.44	0.71	219.29	45.40	54.38
-0.62	0.75	0.23	129.43	13.08	77.21
-0.90	0.23	0.37	165.55	21.72	52.03
-0.90	0.23	0.37	165.55	21.72	52.03
0.22	0.97	0.13	77.47	7.63	6.94
0.91	0.20	0.37	12.39	21.88	11.85
-0.17	-0.60	0.78	254.01	51.34	89.94
-0.42	0.22	0.88	152.48	61.67	56.53
-0.53	0.84	0.07	122.26	4.26	40.52
-0.81	0.51	0.30	147.67	17.31	70.38
-0.52	-0.42	0.75	218.75	48.31	60.20
0.36	-0.35	0.87	315.26	59.90	40.23
-0.41	-0.33	0.85	218.90	58.36	51.78
-0.84	0.35	0.42	157.42	24.85	8.76
0.76	0.63	0.16	39.52	9.02	64.75
0.96	-0.19	0.18	348.94	10.62	75.84
-0.87	-0.42	0.28	205.63	16.04	46.68
-0.87	-0.42	0.28	205.63	16.04	46.68
0.97	-0.12	0.23	352.89	13.25	69.04
0.01	-0.67	0.74	271.13	47.89	50.09
-0.98	-0.15	0.09	188.72	5.08	55.12
-0.85	0.07	0.53	175.19	31.83	27.45
0.93	-0.24	0.29	345.75	17.03	54.55
0.62	-0.59	0.52	316.16	31.08	61.74
-0.37	-0.42	0.83	228.66	56.24	30.02
0.53	0.10	0.84	11.17	57.59	33.39
0.93	-0.15	0.34	350.81	19.91	42.82
0.09	0.87	0.49	84.35	29.50	48.58
-0.41	-0.60	0.68	235.84	43.13	94.89
-0.41	-0.60	0.68	235.84	43.13	94.89
-0.73	-0.31	0.61	202.82	37.40	73.37
0.74	0.64	0.23	40.82	13.54	75.42
0.70	0.40	0.59	29.60	36.33	11.94
0.87	-0.41	0.29	334.79	16.96	65.09
-0.71	-0.70	0.08	224.86	4.63	23.31
-0.51	0.55	0.66	132.36	41.41	5.12
0.96	-0.18	0.20	349.11	11.63	71.24
1.00	-0.01	0.07	359.44	4.21	68.34
0.41	0.51	0.76	51.28	49.50	14.15
-0.72	0.65	0.26	137.76	14.98	64.16
-0.83	0.40	0.38	154.44	22.49	65.44
0.02	0.53	0.85	87.67	57.99	38.36
0.02	0.53	0.85	87.67	57.99	38.36
-0.82	0.36	0.44	156.43	26.23	69.35
-0.74	0.45	0.49	148.50	29.47	69.47
0.58	0.27	0.77	24.95	50.13	8.79
0.57	-0.70	0.43	309.16	25.17	60.08
0.57	-0.70	0.43	309.16	25.17	60.08
0.57	-0.70	0.43	309.16	25.17	60.08
-0.19	-0.77	0.61	256.37	37.79	36.90
-0.87	-0.43	0.23	206.05	13.29	70.83
0.07	0.04	1.00	32.51	85.51	56.38
0.72	-0.55	0.42	322.51	24.68	69.25
0.81	-0.38	0.45	334.57	26.47	74.97
-0.50	-0.29	0.82	210.47	54.69	32.47
0.99	-0.08	0.15	355.18	8.69	55.92
-0.59	-0.72	0.37	230.51	21.88	50.85
0.78	0.32	0.54	22.40	32.92	61.96
0.54	0.81	0.24	56.40	13.99	68.47
-0.08	0.62	0.78	96.99	51.60	90.25
-0.18	0.61	0.77	106.58	50.28	52.54
0.07	0.18	0.98	69.14	78.92	32.90
0.54	0.45	0.71	39.87	44.95	52.87
-0.43	0.86	0.28	116.93	16.26	47.02
0.49	0.84	0.22	60.13	12.97	32.73
0.85	-0.47	0.25	330.74	14.34	58.67
0.54	0.43	0.72	38.62	46.39	61.51
0.08	-0.99	0.07	274.67	4.14	66.03
-0.35	-0.66	0.66	242.26	41.65	69.88
0.21	0.11	0.97	28.73	76.16	40.54
0.01	-0.45	0.89	271.29	63.48	32.88
0.86	0.25	0.44	16.14	26.02	79.23
-0.29	-0.13	0.95	204.06	71.42	8.10
-0.41	-0.37	0.83	222.34	56.41	43.98
-0.19	-0.39	0.90	244.20	64.27	70.16
0.11	-0.56	0.82	280.85	55.35	28.94
-0.99	0.01	0.10	179.38	5.81	70.74
0.92	-0.20	0.32	347.55	18.92	76.10
0.86	0.42	0.28	25.89	16.47	53.43
0.35	-0.45	0.82	307.94	54.83	18.20
-0.66	-0.57	0.50	220.79	29.96	43.16
-0.43	-0.76	0.50	240.57	29.83	45.95
-0.27	-0.61	0.74	246.54	47.92	34.84
0.20	-0.69	0.70	286.01	44.04	22.76
0.59	-0.16	0.79	344.37	52.37	46.58
-0.60	0.77	0.23	127.91	13.23	23.97
0.38	-0.90	0.22	293.11	12.91	40.27
0.90	-0.26	0.35	343.99	20.37	68.73
0.05	-0.87	0.48	273.18	29.00	76.31
0.68	-0.55	0.49	321.08	29.38	77.58
0.38	-0.84	0.39	294.71	23.15	47.95
-0.50	-0.02	0.87	182.42	60.06	45.84
0.91	-0.18	0.37	348.78	21.63	66.02
0.46	0.21	0.86	24.63	59.49	59.93
-0.24	-0.87	0.43	254.68	25.62	34.36
0.99	-0.14	0.10	352.18	5.81	45.70
-0.95	0.10	0.31	174.17	17.94	39.83
-0.40	0.32	0.86	141.25	59.17	35.97
0.72	0.52	0.45	35.58	26.96	60.29
0.53	-0.14	0.84	345.15	56.93	50.53
0.59	0.32	0.74	28.43	47.44	66.56
0.85	0.47	0.23	28.59	13.20	56.83
0.22	0.80	0.55	74.85	33.55	82.77
0.37	0.30	0.88	39.39	61.81	73.62
-0.44	-0.70	0.56	238.06	34.27	49.23
0.87	0.12	0.48	7.84	28.40	73.06
-0.45	0.43	0.78	136.73	51.49	45.28
0.20	0.35	0.91	60.48	65.94	78.20
0.10	0.67	0.74	81.66	47.67	72.89
-0.50	-0.02	0.87	182.42	60.06	45.84
0.65	0.54	0.54	39.43	32.39	23.87
-0.87	-0.30	0.39	199.15	23.06	67.67
-0.89	0.28	0.35	162.42	20.58	51.79
0.04	-0.89	0.45	272.54	27.01	57.52
0.04	-0.89	0.45	272.54	27.01	57.52
0.58	-0.82	0.01	305.37	0.44	49.66
-0.85	0.37	0.39	156.40	22.65	75.14
-0.36	0.44	0.82	129.53	55.37	97.35
0.99	0.15	0.05	8.40	2.64	53.29
0.52	0.80	0.32	57.12	18.40	97.66
0.47	-0.82	0.33	299.65	19.41	8.51
0.88	-0.40	0.27	335.67	15.59	51.47
0.40	0.78	0.48	62.98	28.77	56.06
0.50	-0.49	0.72	315.79	45.89	47.31
0.80	0.49	0.36	31.46	21.19	45.93
0.13	0.78	0.61	80.50	37.83	53.48
-0.45	0.79	0.41	119.84	24.47	70.21
0.09	-0.04	1.00	339.05	84.35	56.29
-0.87	0.30	0.40	160.70	23.45	32.71
-0.26	0.62	0.74	112.40	47.82	53.16
0.27	0.63	0.73	66.81	46.97	40.55
-0.73	0.05	0.68	175.98	42.79	51.91
-0.37	-0.77	0.51	244.51	30.90	51.43
-0.19	-0.98	0.05	258.87	2.65	52.84
-0.98	0.10	0.16	174.21	8.93	44.20
-0.98	0.10	0.16	174.21	8.93	44.20
-0.98	-0.09	0.17	185.05	9.92	40.69
0.10	-0.75	0.65	277.70	40.64	33.23
0.85	-0.25	0.45	343.44	26.91	50.03
-0.72	0.17	0.68	166.42	42.46	25.44
-0.15	0.91	0.38	99.14	22.43	53.78
-0.40	0.28	0.87	144.59	60.77	11.58
-0.60	-0.78	0.17	232.71	9.59	58.24
0.02	-1.00	0.04	271.21	2.27	51.72
-0.88	0.46	0.10	152.77	5.64	65.24
-0.41	0.61	0.68	123.81	42.58	59.21
-0.41	0.61	0.68	123.81	42.58	59.21
1.00	-0.04	0.08	357.80	4.57	51.92
-0.89	-0.29	0.36	197.86	20.85	66.34
0.40	0.78	0.48	62.98	28.77	56.06
-0.60	0.36	0.71	149.02	45.24	68.14
-0.60	-0.78	0.17	232.71	9.59	58.24
-0.63	0.36	0.69	150.23	43.39	11.98
-0.42	-0.90	0.11	244.82	6.52	56.86
0.92	0.08	0.38	4.78	22.49	67.61
0.28	0.74	0.62	69.35	38.08	9.28
0.28	0.74	0.62	69.35	38.08	9.28
-0.04	0.26	0.96	99.05	74.57	48.95
0.26	0.96	0.06	74.69	3.36	52.84
-0.95	0.04	0.30	177.46	17.59	13.44
-0.95	0.04	0.30	177.46	17.59	13.44
0.48	0.36	0.80	36.49	53.13	65.15
0.31	0.33	0.89	47.37	63.06	43.59
0.84	-0.35	0.41	337.68	24.23	56.74
0.95	-0.08	0.29	355.36	17.02	66.49
-0.72	0.50	0.48	145.52	28.63	62.09
-0.97	0.21	0.16	168.01	9.00	37.58
0.17	0.39	0.91	66.66	64.94	52.81
0.80	-0.32	0.50	338.44	30.22	31.67
0.67	0.73	0.12	47.66	6.89	81.85
0.80	0.49	0.36	31.46	21.19	45.93
-0.02	0.52	0.85	91.71	58.58	42.52
0.27	0.63	0.73	66.81	46.97	40.55
0.92	-0.33	0.21	340.02	12.35	62.94
-0.81	-0.30	0.50	200.51	30.08	13.52
-0.98	0.17	0.10	169.94	5.83	71.03
-0.30	-0.31	0.90	226.18	64.35	26.76
-0.08	0.91	0.42	94.79	24.55	51.89
-0.37	-0.47	0.80	231.28	53.35	49.29
0.54	0.84	0.01	57.05	0.73	52.47
-0.32	-0.25	0.92	217.77	66.29	89.04
-0.32	-0.25	0.92	217.77	66.29	89.04
-0.24	0.69	0.69	109.22	43.28	96.04
0.27	-0.96	0.08	285.93	4.39	6.58
-0.97	0.24	0.04	166.33	2.44	74.04
-0.64	-0.54	0.55	219.88	33.18	57.23
-0.22	-0.82	0.53	255.31	31.73	94.90
-0.95	0.04	0.31	177.59	18.26	39.40
-0.06	0.85	0.52	94.35	31.47	36.89
0.72	0.66	0.24	42.43	13.63	39.08
0.05	0.66	0.75	85.69	48.19	44.06
0.66	-0.31	0.68	334.57	42.96	18.18
-0.74	-0.52	0.42	215.02	24.91	21.14
-0.18	0.84	0.51	102.35	30.45	28.45
-0.43	-0.10	0.90	193.07	63.74	25.65
0.77	-0.58	0.29	323.06	16.72	32.99
0.90	-0.44	0.00	333.68	0.20	39.19
0.98	0.22	0.01	12.62	0.59	38.22
-0.39	-0.85	0.36	245.09	21.27	26.51
-0.94	0.18	0.28	169.08	16.02	51.84
-0.97	-0.15	0.20	188.54	11.62	75.86
0.64	-0.70	0.30	312.56	17.67	10.63
0.81	0.45	0.38	29.27	22.33	41.20
0.66	0.74	0.16	48.37	9.18	50.96
0.68	-0.58	0.44	319.67	26.41	17.34
0.14	0.74	0.65	79.45	40.79	6.36
0.06	0.36	0.93	80.82	68.34	8.50
0.07	0.62	0.78	83.24	51.15	52.11
0.15	0.76	0.63	78.72	38.82	23.78
0.15	0.76	0.63	78.72	38.82	23.78
0.80	-0.60	0.10	323.23	5.82	16.21
0.66	0.74	0.16	48.37	9.18	50.96
-0.20	0.69	0.70	105.79	44.16	103.53
0.91	0.25	0.33	15.53	19.03	39.40
-0.76	-0.31	0.58	201.99	35.18	46.32
0.54	0.53	0.65	43.97	40.79	52.93
-0.64	-0.28	0.72	203.77	45.73	73.09
0.66	-0.60	0.46	317.70	27.44	58.98
-0.75	0.32	0.57	157.12	35.02	19.52
0.44	0.72	0.54	58.94	32.46	40.82
-0.99	-0.02	0.15	181.19	8.64	86.48
-0.99	-0.02	0.15	181.19	8.64	86.48
-0.99	-0.02	0.15	181.19	8.64	86.48
0.94	0.11	0.33	6.60	19.49	52.56
0.31	0.92	0.23	71.20	13.34	51.17
0.81	-0.24	0.53	343.50	32.09	58.35
0.19	-0.91	0.36	281.51	21.37	39.04
0.95	0.31	0.06	17.85	3.46	47.64
0.09	0.63	0.77	81.98	50.25	58.37
-0.84	-0.22	0.50	194.71	29.68	58.81
0.85	0.53	0.02	31.78	1.38	89.37
0.21	0.47	0.86	65.84	59.32	32.42
-0.95	0.28	0.13	163.76	7.38	87.39
0.94	0.33	0.04	19.02	2.05	78.93
-0.46	0.88	0.11	117.88	6.56	62.41
0.56	0.65	0.51	49.34	30.48	39.01
-0.90	-0.42	0.06	205.17	3.17	34.22
0.98	-0.07	0.18	356.04	10.15	15.05
-0.64	0.30	0.71	154.92	45.10	28.59
0.98	0.16	0.08	9.17	4.84	30.99
0.84	0.54	0.11	32.73	6.34	55.65
1.00	-0.06	0.04	356.75	2.31	66.95
-0.60	-0.10	0.79	189.60	52.36	46.42
0.98	0.20	0.06	11.55	3.67	64.32
-0.21	0.49	0.85	112.88	58.03	72.97
-0.65	0.69	0.32	133.41	18.55	81.31
-0.72	-0.48	0.50	213.80	30.12	22.11
0.48	0.78	0.40	58.71	23.67	38.00
-0.49	-0.80	0.36	238.48	20.89	36.56
0.87	0.15	0.47	9.97	27.78	58.09
0.37	0.53	0.77	55.00	50.10	36.36
-0.42	0.51	0.75	129.26	48.53	75.57
0.47	0.54	0.71	48.98	44.83	47.94
0.19	-0.98	0.01	281.10	0.34	5.83
0.19	-0.98	0.01	281.10	0.34	5.83
0.94	0.32	0.13	18.78	7.39	14.67
-0.87	0.46	0.19	152.27	11.07	10.84
-0.03	0.72	0.69	92.70	43.82	63.01
-0.78	-0.52	0.36	213.75	21.01	34.42
-0.96	-0.24	0.15	194.28	8.84	41.77
-0.96	-0.24	0.15	194.28	8.84	41.77
-0.90	-0.43	0.10	205.50	5.56	62.24
-0.88	0.18	0.45	168.22	26.63	52.61
-0.73	-0.22	0.65	196.71	40.47	75.67
-0.41	0.88	0.25	115.06	14.43	57.64
-0.41	0.88	0.25	115.06	14.43	57.64
0.58	0.48	0.66	39.98	41.10	63.54
-0.18	0.94	0.30	101.01	17.70	33.23
0.97	-0.22	0.05	347.28	2.64	62.42
-0.42	0.56	0.72	126.93	45.92	55.25
0.62	0.77	0.14	51.01	8.10	52.87
0.66	0.24	0.71	19.51	45.14	33.95
-0.50	0.59	0.64	130.21	39.48	33.98
-0.99	0.06	0.14	176.79	7.84	84.18
0.47	0.43	0.77	42.97	50.45	56.72
-0.41	0.88	0.25	115.06	14.43	57.64
0.79	0.37	0.48	25.14	28.60	72.21
-0.83	-0.55	0.12	213.56	6.80	12.72
0.43	0.51	0.75	49.91	48.46	55.80
-0.94	0.13	0.32	171.88	18.71	70.71
0.95	-0.31	0.00	342.16	0.06	31.16
-0.15	0.69	0.71	102.01	45.41	69.10
-0.62	0.47	0.63	142.97	39.10	56.22
-0.43	-0.00	0.90	180.10	64.45	87.51
-0.79	-0.07	0.60	185.06	37.09	88.19
0.20	-0.63	0.75	287.87	48.48	21.39
0.33	0.25	0.91	37.94	65.66	57.58
-0.91	-0.40	0.07	203.87	4.18	49.68
0.09	0.50	0.86	79.54	59.35	36.64
-0.73	0.52	0.45	144.67	26.77	86.62
-0.45	0.85	0.25	117.95	14.71	35.99
0.84	-0.54	0.10	327.18	5.98	88.79
-0.66	0.61	0.44	137.51	25.98	88.45
-0.31	0.54	0.78	119.42	51.50	67.91
0.03	0.09	1.00	73.86	84.52	48.27
-0.69	-0.70	0.19	225.48	10.90	41.95
-0.19	-0.62	0.76	252.80	49.52	45.23
-0.55	0.81	0.21	124.12	12.19	39.60
-0.42	0.90	0.15	115.01	8.70	30.39
-0.33	-0.91	0.24	250.24	14.17	45.39
0.71	0.27	0.65	20.98	40.72	71.00
-0.71	-0.49	0.50	214.82	30.05	20.38
-0.85	0.03	0.53	177.83	32.26	70.27
0.52	0.85	0.03	58.58	1.68	24.14
-0.31	0.69	0.65	114.27	40.43	26.72
-0.43	0.66	0.62	123.12	38.54	60.35
0.11	-0.83	0.55	277.36	33.49	23.91
0.53	0.74	0.41	54.48	24.06	59.46
-0.35	0.79	0.51	113.84	30.42	87.72
-0.68	0.73	0.06	132.76	3.51	46.54
-0.38	0.62	0.69	121.51	43.82	48.41
-0.80	-0.39	0.45	206.06	26.43	23.07
0.42	0.35	0.84	39.49	56.75	65.20
-0.49	0.27	0.83	150.94	55.68	54.20
0.32	-0.53	0.79	301.30	52.08	15.32
-0.82	-0.44	0.37	208.03	21.57	51.53
-0.28	-0.95	0.15	253.26	8.90	11.99
0.36	0.73	0.57	63.90	35.10	53.88
-0.58	0.53	0.62	137.67	37.98	56.07
-0.34	0.06	0.94	169.62	69.84	60.77
-0.58	0.71	0.40	129.50	23.36	70.53
-0.69	0.41	0.59	149.14	36.13	66.55
-0.49	0.76	0.43	122.79	25.59	95.85
-0.85	-0.33	0.41	200.93	24.46	46.76
-0.32	0.78	0.55	112.25	33.11	51.64
-0.32	0.78	0.55	112.25	33.11	51.64
-0.22	-0.86	0.45	255.57	26.96	25.55
-0.21	-0.72	0.67	253.70	41.71	14.64
-0.87	0.31	0.39	160.57	22.83	24.73
-0.47	0.41	0.78	138.92	51.47	87.52
-0.14	-0.90	0.41	261.48	24.18	27.05
-1.00	0.08	0.03	175.54	1.92	35.33
0.19	0.61	0.77	72.32	50.23	52.50
-0.03	0.86	0.51	91.69	30.42	75.92
0.73	-0.66	0.15	317.90	8.52	78.06
0.69	-0.60	0.40	319.10	23.82	60.35
0.29	0.81	0.51	70.02	30.35	49.10
-0.90	0.26	0.35	163.65	20.40	68.58
-0.37	0.78	0.51	115.74	30.49	58.91
-0.35	0.79	0.51	113.84	30.42	87.72
1.00	0.04	0.06	2.07	3.16	34.40
0.47	-0.11	0.87	346.76	60.84	61.35
-0.48	0.83	0.29	120.11	16.84	28.25
-0.48	0.83	0.29	120.11	16.84	28.25
0.60	-0.25	0.76	336.99	49.49	17.01
0.60	-0.25	0.76	336.99	49.49	17.01
0.43	0.19	0.88	23.68	61.92	52.81
-0.03	-0.96	0.27	267.98	15.70	59.09
-0.74	0.55	0.39	143.51	22.78	64.39
-0.92	0.14	0.36	171.26	21.18	63.11
0.27	-0.95	0.15	286.01	8.67	76.91
-0.06	0.67	0.74	94.91	47.38	39.63
-0.06	0.67	0.74	94.91	47.38	39.63
0.17	0.03	0.98	9.34	80.02	71.27
0.77	-0.31	0.56	338.20	34.24	61.39
-0.72	-0.16	0.67	192.74	42.35	24.18
-0.34	0.11	0.94	162.50	69.34	29.61
0.54	0.57	0.62	46.29	38.45	60.17
0.62	-0.17	0.77	344.52	50.00	70.01
0.62	-0.67	0.41	312.86	24.00	104.35
-0.75	0.18	0.63	166.22	39.03	37.82
0.65	-0.44	0.62	325.62	38.10	62.73
-0.28	0.79	0.54	109.40	32.66	61.63
-0.28	0.79	0.54	109.40	32.66	61.63
0.57	-0.31	0.76	331.30	49.42	48.63
-0.60	0.15	0.79	165.89	52.10	22.97
0.84	-0.02	0.54	358.44	32.58	68.49
-0.99	-0.04	0.10	182.44	5.75	68.72
-0.39	-0.80	0.45	244.22	26.98	49.08
-1.00	0.02	0.08	178.87	4.50	44.36
-1.00	0.02	0.08	178.87	4.50	44.36
-0.87	0.32	0.37	159.78	21.99	11.40
0.93	-0.36	0.07	338.78	3.89	48.28
-0.60	0.15	0.79	165.89	52.10	22.97
-0.62	0.61	0.49	135.14	29.34	14.94
-0.45	0.75	0.48	121.00	28.71	62.82
-0.69	0.65	0.32	137.03	18.51	74.06
0.74	-0.40	0.55	331.60	33.23	22.91
0.79	-0.60	0.07	322.73	4.25	65.15
-0.86	0.50	0.07	149.75	4.23	50.54
0.90	-0.41	0.11	335.43	6.53	70.03
0.77	-0.44	0.46	330.22	27.59	83.26
0.77	-0.44	0.46	330.22	27.59	83.26
-0.20	-0.98	0.04	258.59	2.08	35.74
0.48	0.50	0.72	46.31	46.02	59.63
-1.00	-0.03	0.09	181.50	5.41	52.68
-0.99	0.12	0.04	173.12	2.16	34.71
0.40	0.83	0.39	64.19	22.69	10.89
0.86	-0.01	0.51	359.09	30.96	90.64
-0.82	0.14	0.55	170.17	33.68	9.98
0.90	-0.08	0.43	354.69	25.36	85.25
-0.94	0.33	0.11	160.77	6.30	82.19
-0.29	0.75	0.60	110.88	36.82	29.45
-0.15	0.44	0.88	108.30	62.19	74.21
-0.66	0.62	0.43	137.07	25.22	37.01
0.23	-0.15	0.96	328.20	74.01	10.05
-0.23	-0.84	0.50	254.35	29.87	5.03
-0.67	-0.47	0.57	214.84	35.05	25.25
0.42	-0.77	0.48	298.33	28.46	17.18
-0.23	-0.97	0.05	256.57	2.86	7.72
-0.98	0.14	0.14	171.59	7.90	45.37
0.92	-0.05	0.39	356.88	22.79	93.12
0.79	-0.02	0.61	358.57	37.52	72.93
0.80	0.06	0.59	4.56	36.25	66.12
0.33	-0.40	0.85	309.54	58.32	8.85
0.45	-0.89	0.05	297.10	3.12	10.60
0.84	0.02	0.55	1.29	33.15	79.72
-0.25	-0.94	0.23	255.04	13.41	12.41
0.98	0.09	0.18	5.26	10.35	9.19
0.86	0.04	0.51	2.51	30.96	65.16
-0.38	-0.28	0.88	216.02	61.93	6.09
0.43	-0.80	0.41	298.29	24.32	13.12
0.89	-0.15	0.42	350.30	24.93	50.79
0.44	0.31	0.84	35.18	57.11	18.63
-0.98	0.11	0.19	173.63	10.75	11.20
-0.77	0.63	0.08	140.50	4.73	31.65
-0.23	0.78	0.58	106.42	35.66	65.62
0.85	-0.52	0.07	328.87	4.05	14.23
0.73	-0.12	0.67	350.95	42.30	26.36
0.96	0.08	0.28	5.01	16.24	82.35
-0.17	-0.79	0.58	257.62	35.66	11.78
0.99	-0.09	0.04	354.65	2.47	61.39
0.88	-0.16	0.44	349.76	26.42	50.06
0.71	0.31	0.63	23.76	39.17	75.67
0.71	0.31	0.63	23.76	39.17	75.67
0.77	0.40	0.50	27.27	30.33	62.27
0.88	0.38	0.29	23.12	17.04	48.12
0.77	-0.48	0.42	328.13	25.01	92.79
0.82	-0.25	0.52	343.10	31.21	67.09
-0.97	-0.13	0.22	187.52	12.89	86.94
-0.46	-0.83	0.31	241.33	18.15	70.51
0.91	-0.37	0.19	337.57	11.19	29.42
-0.96	-0.13	0.24	187.44	13.82	87.66
-0.53	0.64	0.55	129.52	33.58	66.51
-0.96	0.11	0.26	173.40	14.87	51.81
-0.47	0.08	0.88	170.25	61.51	12.06
-0.30	0.40	0.87	127.27	60.15	53.17
-0.96	-0.12	0.24	187.07	13.95	87.03
0.94	-0.25	0.21	344.88	12.40	44.45
0.34	-0.85	0.40	291.67	23.39	61.51
-0.38	-0.22	0.90	209.90	64.01	55.70
-0.96	-0.12	0.26	187.00	14.87	87.76
0.75	-0.59	0.31	321.94	17.99	90.00
0.60	-0.38	0.71	327.84	45.14	34.30
0.89	-0.27	0.38	343.12	22.03	76.96
-0.88	0.47	0.03	151.98	1.56	75.79
0.17	0.49	0.86	70.52	58.98	75.09
0.71	0.04	0.70	3.37	44.28	36.35
0.71	0.04	0.70	3.34	44.34	36.39
-0.03	0.89	0.45	92.14	26.73	6.76
0.43	-0.80	0.42	298.07	24.67	54.69
-0.03	0.89	0.45	92.14	26.73	6.76
0.43	-0.80	0.42	298.07	24.67	54.69
0.95	-0.25	0.18	345.45	10.54	44.34
-0.50	0.72	0.49	124.78	29.05	26.33
-0.50	0.72	0.49	124.75	29.16	26.35
0.71	0.04	0.70	3.25	44.31	36.42
0.95	-0.25	0.18	345.43	10.54	44.39
0.69	0.03	0.72	2.32	46.34	36.88
0.15	0.14	0.98	42.85	78.35	57.77
0.18	-0.51	0.84	289.33	57.42	9.27
0.08	0.11	0.99	54.77	81.97	11.02
0.52	-0.38	0.77	324.30	49.97	102.79
-0.81	0.18	0.56	167.41	34.17	18.89
-0.94	0.06	0.33	176.38	19.04	23.94
0.89	0.37	0.27	22.44	15.89	8.07
-0.65	0.68	0.35	133.70	20.39	29.86
0.49	0.77	0.41	57.87	24.16	66.95
0.43	-0.87	0.23	296.05	13.56	58.79
0.04	-0.39	0.92	276.01	67.12	45.85
0.10	-0.83	0.55	276.69	33.13	92.22
-0.60	0.58	0.56	135.80	33.87	38.92
-0.95	0.27	0.17	164.25	9.81	39.39
-0.73	0.68	0.10	137.24	5.95	38.33
0.50	0.76	0.41	57.00	24.37	74.75
-0.70	-0.33	0.64	205.41	39.61	31.05
-0.99	0.15	0.03	171.11	1.99	65.37
-0.77	0.35	0.54	155.79	32.58	56.89
-0.03	1.00	0.06	91.57	3.47	17.79
0.59	0.72	0.37	50.45	21.73	7.86
0.61	0.42	0.67	34.21	42.16	86.02
-0.99	-0.07	0.15	184.33	8.91	37.11
-0.52	-0.69	0.50	232.91	30.05	13.16
-0.81	0.58	0.07	144.54	4.05	72.63
-0.73	-0.61	0.32	219.71	18.42	9.96
0.18	0.49	0.85	69.46	58.38	90.51
0.06	0.94	0.33	86.60	19.32	70.31
0.62	0.12	0.78	11.22	50.85	33.51
-0.17	0.78	0.60	102.37	36.85	41.55
-0.17	0.78	0.60	102.37	36.85	41.55
0.62	-0.70	0.36	311.29	21.03	79.32
-0.46	-0.03	0.89	183.96	62.72	46.20
-0.90	-0.37	0.25	202.34	14.30	14.72
0.96	0.21	0.18	12.10	10.59	70.65
0.90	0.21	0.38	13.07	22.27	81.75
0.90	0.21	0.38	13.07	22.27	81.75
0.91	0.11	0.40	6.63	23.66	75.43
0.70	-0.20	0.68	344.46	43.15	70.90
0.85	0.01	0.53	0.79	31.70	106.13
0.85	0.01	0.53	0.79	31.70	106.13
-0.42	-0.79	0.45	242.09	26.85	33.46
0.77	0.54	0.34	35.13	19.84	98.25
0.96	0.27	0.01	15.87	0.32	81.34
0.99	0.03	0.16	1.53	9.39	33.24
0.97	0.18	0.17	10.51	9.92	38.88
-0.53	0.85	0.07	122.08	3.77	12.91
-0.96	0.25	0.14	165.29	7.82	21.23
-0.87	0.47	0.15	151.91	8.73	61.89
0.30	0.86	0.41	71.08	24.51	81.93
0.83	0.34	0.43	22.18	25.69	81.81
0.78	-0.63	0.04	321.28	2.06	24.73
-0.87	0.48	0.09	151.28	4.94	44.79
0.31	-0.42	0.85	306.60	58.27	21.50
0.94	0.00	0.33	0.20	19.41	45.34
0.98	0.13	0.16	7.28	9.40	83.67
-0.08	-0.96	0.27	265.24	15.50	43.33
-0.08	0.99	0.08	94.55	4.33	69.08
-0.94	0.32	0.16	161.27	9.14	34.07
0.60	-0.74	0.29	308.95	16.96	36.51
0.86	-0.51	0.09	329.37	4.99	94.09
-0.86	-0.35	0.37	202.06	21.50	28.38
0.39	-0.81	0.43	295.74	25.69	22.32
0.39	-0.81	0.43	295.74	25.69	22.32
0.71	-0.69	0.11	315.93	6.59	37.42
0.27	-0.01	0.96	358.66	74.21	50.45
-0.37	0.72	0.58	117.42	35.71	33.92
-0.37	0.72	0.58	117.42	35.71	33.92
-0.75	-0.65	0.04	220.93	2.38	84.61
-0.38	0.14	0.92	159.91	66.45	21.96
0.80	0.56	0.22	34.89	12.92	81.83
0.95	-0.26	0.16	344.72	9.48	49.25
-0.46	-0.19	0.87	202.07	60.43	8.25
-0.39	0.05	0.92	173.30	67.10	29.87
0.86	-0.41	0.32	334.54	18.66	65.66
0.86	-0.41	0.32	334.54	18.66	65.66
0.71	-0.58	0.39	320.82	22.75	74.54
-0.79	0.43	0.43	151.64	25.43	29.42
0.81	0.49	0.31	31.23	18.00	79.89
-0.76	-0.64	0.10	220.27	5.86	78.92
0.29	0.90	0.34	72.29	19.63	7.34
-0.88	-0.20	0.43	192.82	25.37	66.62
-0.77	-0.55	0.32	215.81	18.85	56.58
0.70	-0.29	0.66	337.34	40.99	86.53
0.73	-0.28	0.62	338.74	38.52	79.54
0.43	-0.02	0.90	356.90	64.48	7.85
0.43	0.55	0.72	51.96	46.09	99.38
0.55	0.32	0.77	29.90	50.60	110.44
-0.54	0.45	0.71	140.35	45.49	50.23
0.95	-0.30	0.11	342.55	6.56	67.14
-0.35	-0.92	0.15	249.18	8.38	75.15
-0.63	-0.74	0.21	229.58	11.97	11.18
-0.35	0.57	0.74	121.30	47.87	49.63
-0.33	-0.94	0.13	250.67	7.42	83.62
0.27	0.96	0.11	74.32	6.30	8.76
0.17	-0.75	0.64	282.83	39.98	15.28
0.80	-0.30	0.52	339.63	31.36	12.62
0.62	-0.27	0.74	336.26	47.48	85.36
0.97	0.15	0.17	8.92	10.06	15.01
0.84	0.53	0.13	32.04	7.21	20.35
-0.55	0.15	0.82	164.61	55.47	63.12
-0.69	-0.67	0.26	224.03	14.84	77.93
-0.69	-0.67	0.26	224.03	14.84	77.93
0.80	0.04	0.59	2.98	36.42	101.95
0.79	-0.55	0.27	325.54	15.56	83.06
-0.61	0.59	0.53	136.34	31.96	13.69
1.00	0.04	0.03	2.32	1.76	82.89
0.27	-0.85	0.45	287.55	26.72	80.74
0.80	-0.23	0.55	344.12	33.34	83.18
0.01	-0.52	0.86	270.71	58.78	36.12
-0.63	0.26	0.73	157.77	47.23	23.98
-0.35	0.48	0.81	125.89	53.74	41.89
0.51	-0.43	0.74	319.76	47.71	81.96
0.26	-0.50	0.83	297.81	55.68	74.73
0.42	-0.89	0.16	294.94	9.49	37.01
0.85	0.50	0.14	30.49	8.17	71.53
-0.28	-0.58	0.76	244.60	49.73	65.40
0.50	-0.54	0.68	313.04	42.72	72.10
0.09	-0.01	1.00	356.74	84.90	13.05
-0.89	-0.37	0.28	202.67	16.39	58.18
-0.86	-0.50	0.09	210.05	4.88	52.93
0.47	-0.36	0.81	322.16	53.83	60.69
-0.38	-0.69	0.62	241.21	38.55	7.19
0.98	0.15	0.16	8.52	9.25	79.16
0.11	-0.95	0.29	276.46	17.16	8.99
0.45	-0.27	0.85	328.75	58.44	72.04
0.99	0.03	0.11	1.98	6.53	79.71
0.05	-0.94	0.33	273.31	19.30	17.26
0.82	0.27	0.51	17.91	30.36	64.59
0.55	-0.08	0.83	351.81	56.20	41.46
-0.34	0.44	0.83	127.71	56.53	59.38
-0.19	0.38	0.91	116.77	64.83	61.22
0.90	0.21	0.38	13.31	22.47	10.05
0.40	-0.47	0.79	310.17	51.96	69.92
-0.07	-0.88	0.46	265.75	27.50	18.29
-0.20	0.11	0.97	151.38	76.77	49.22
-0.33	-0.92	0.22	250.08	12.75	71.01
0.91	0.06	0.42	3.85	24.54	20.52
-0.20	0.11	0.97	151.38	76.77	49.22
0.92	-0.34	0.20	339.38	11.76	52.54
0.96	-0.24	0.15	345.71	8.34	48.64
0.96	-0.24	0.15	345.71	8.34	48.64
0.85	-0.50	0.15	329.40	8.63	65.02
0.96	-0.09	0.26	354.82	15.32	47.58
0.79	0.12	0.60	8.98	36.95	10.79
0.98	0.03	0.19	1.91	10.87	10.31
-0.53	-0.24	0.81	204.68	54.41	61.51
0.59	-0.30	0.75	333.35	48.35	37.57
-0.16	-0.36	0.92	246.48	66.78	2.80
0.30	0.94	0.16	72.12	9.36	89.60
0.91	-0.34	0.26	339.53	14.86	53.08
0.93	-0.29	0.22	342.70	12.73	62.74
0.27	-0.85	0.45	287.67	26.64	79.36
-0.07	-1.00	0.00	266.21	0.25	38.53
0.59	0.49	0.64	39.75	40.13	60.59
-0.85	-0.45	0.28	207.64	16.32	37.06
-0.60	0.74	0.30	129.37	17.67	62.67
-0.97	0.22	0.10	167.23	5.81	44.56
-0.85	0.26	0.45	163.07	26.85	65.99
-0.08	0.56	0.82	98.12	55.41	49.73
-0.19	-0.63	0.76	252.86	49.10	49.29
0.99	-0.10	0.06	354.34	3.34	79.02
0.89	0.46	0.04	27.23	2.45	79.42
0.80	0.38	0.47	25.64	28.07	71.69
-0.61	-0.71	0.36	229.51	20.80	75.93
-0.83	-0.13	0.54	188.86	32.62	86.15
0.82	0.04	0.56	2.55	34.35	62.16
-0.58	-0.69	0.43	229.99	25.61	72.59
-0.96	0.05	0.28	177.15	16.06	73.31
0.93	-0.36	0.01	339.18	0.59	44.31
-0.99	0.01	0.14	179.20	7.95	16.59
0.89	-0.20	0.42	347.49	24.86	33.03
0.73	0.52	0.44	35.29	26.08	104.32
0.02	0.86	0.51	88.73	30.49	43.22
-0.93	0.33	0.12	160.28	7.16	28.53
-0.13	0.94	0.30	97.89	17.70	60.11
0.54	0.19	0.82	18.91	55.14	57.82
0.89	-0.20	0.40	347.27	23.82	54.27
-0.90	-0.01	0.44	180.69	26.20	61.78
-0.82	0.29	0.49	160.29	29.04	33.96
0.36	-0.43	0.83	309.95	55.85	36.62
0.74	0.59	0.34	38.60	19.71	35.76
0.41	0.01	0.91	0.76	66.06	39.73
0.83	0.54	0.11	33.07	6.33	24.90
0.91	0.29	0.30	17.77	17.57	47.50
-0.48	-0.37	0.80	217.25	52.67	9.33
0.97	-0.16	0.16	350.55	9.20	34.47
-0.24	-0.96	0.12	256.15	6.96	39.33
0.90	0.41	0.16	24.30	9.42	77.80
-0.91	0.35	0.23	159.20	13.11	56.96
0.76	0.45	0.46	30.70	27.55	40.10
0.56	-0.52	0.65	317.32	40.30	57.78
-0.05	-0.01	1.00	196.36	87.03	39.53
-0.33	-0.60	0.73	240.89	46.61	49.22
-0.52	0.39	0.76	143.44	49.39	26.08
0.90	-0.07	0.43	355.74	25.34	35.14
0.69	-0.62	0.39	317.96	22.70	59.03
0.98	-0.05	0.18	357.35	10.58	36.95
0.14	-0.88	0.45	278.75	26.74	76.61
0.72	0.08	0.69	6.27	43.78	63.70
-0.03	0.92	0.38	91.77	22.34	29.41
-0.57	0.70	0.43	128.93	25.72	48.03
0.83	-0.01	0.56	359.55	34.13	52.04
0.38	-0.44	0.82	310.76	54.77	44.19
-0.10	-0.97	0.21	264.33	12.11	42.92
0.51	0.12	0.85	13.54	58.21	64.09
