# Column 1-3: misorientation axis in TSL Euler coordinates
# Column 4: alpha (in plane angle)
# Column 5: beta (out of plane angle)
# Column 6: misorientation angle
0.85	-0.35	0.39	337.73	22.70	61.13
-0.63	0.77	0.09	129.27	4.91	15.42
0.70	-0.26	0.67	339.89	41.89	34.77
-0.77	-0.11	0.62	187.82	38.54	31.34
-0.99	-0.07	0.11	184.27	6.17	62.20
-0.94	0.35	0.03	159.73	1.99	56.91
-0.82	0.57	0.02	145.43	1.13	33.46
0.07	0.90	0.43	85.63	25.67	53.15
0.99	0.02	0.15	1.17	8.88	40.71
-0.60	0.75	0.27	128.83	15.80	83.13
-0.99	0.14	0.04	171.99	2.18	70.37
-0.45	-0.77	0.46	239.53	27.28	23.59
-0.88	0.41	0.24	155.28	13.76	80.55
-0.42	0.70	0.57	120.74	35.04	72.99
0.19	-0.23	0.95	309.86	72.29	55.43
-0.02	-0.72	0.70	268.04	44.13	39.06
-0.78	-0.62	0.06	218.72	3.27	16.16
-0.80	-0.59	0.10	216.54	5.63	31.01
-0.99	0.05	0.11	177.40	6.36	79.93
0.25	-0.97	0.00	284.76	0.06	6.08
-0.90	0.39	0.22	156.66	12.83	83.90
-0.60	-0.19	0.78	197.26	50.92	21.76
0.88	-0.12	0.45	352.39	26.82	50.78
0.82	0.12	0.56	8.65	34.20	34.46
0.76	-0.51	0.40	326.36	23.56	60.01
0.63	-0.12	0.77	349.44	50.23	62.28
0.71	0.48	0.51	34.25	30.86	61.67
0.50	0.59	0.63	49.45	39.07	62.91
0.69	0.17	0.71	13.64	44.85	30.61
0.04	-0.95	0.30	272.37	17.75	14.31
1.00	0.00	0.05	0.10	3.07	45.95
0.92	0.31	0.22	18.64	12.89	42.14
-0.74	0.00	0.67	179.78	41.88	28.65
-0.92	0.32	0.20	160.80	11.64	58.95
0.03	0.39	0.92	85.67	67.09	9.61
-0.85	0.52	0.12	148.41	6.89	53.21
-0.81	0.50	0.30	148.57	17.52	20.29
-0.19	0.93	0.33	101.48	19.10	65.87
-0.64	0.62	0.46	135.74	27.30	80.22
0.72	0.05	0.70	4.14	44.20	30.65
0.90	0.39	0.18	23.11	10.57	39.29
-0.28	-0.77	0.58	249.74	35.24	35.94
-0.78	-0.50	0.38	212.49	22.04	39.32
0.74	-0.64	0.22	319.02	12.50	64.88
0.64	-0.42	0.64	326.79	39.71	42.85
-0.81	0.53	0.27	146.70	15.57	90.32
-0.94	-0.20	0.28	192.06	16.23	50.78
0.73	0.30	0.61	22.04	37.78	68.68
0.87	-0.50	0.04	330.18	2.13	70.18
-0.77	0.35	0.54	155.50	32.64	65.60
-0.69	0.57	0.45	140.06	26.53	60.60
-0.54	0.60	0.59	131.85	35.84	26.86
-0.82	-0.12	0.56	188.37	33.92	43.43
0.92	-0.36	0.16	338.75	9.06	58.77
-0.66	-0.09	0.75	188.17	48.21	34.35
0.36	-0.83	0.43	293.69	25.38	38.74
0.37	-0.85	0.37	293.63	21.74	44.25
-0.86	-0.42	0.27	206.12	15.91	73.50
-0.03	0.83	0.56	92.10	34.06	60.46
0.26	-0.92	0.30	285.80	17.41	76.14
-0.29	0.96	0.01	106.57	0.39	73.37
-0.46	-0.79	0.40	239.57	23.78	66.48
0.07	-0.88	0.47	274.79	27.98	65.82
0.99	0.14	0.09	8.16	5.31	48.47
0.05	-1.00	0.07	273.10	4.02	40.91
0.86	0.21	0.47	13.78	28.03	99.35
0.69	0.61	0.38	41.57	22.59	35.59
-0.40	-0.52	0.75	232.35	48.70	50.10
-0.61	-0.61	0.50	225.29	30.20	47.00
0.99	-0.01	0.16	359.27	9.46	73.62
-0.51	0.64	0.58	128.86	35.31	61.67
0.57	0.65	0.49	48.72	29.64	66.89
0.57	0.65	0.49	48.72	29.64	66.89
-0.76	0.01	0.65	178.96	40.27	29.65
0.73	0.27	0.63	20.18	39.17	31.41
0.70	0.60	0.39	40.84	22.94	53.72
0.19	0.79	0.59	76.33	35.99	53.29
0.21	0.78	0.59	74.63	36.50	53.47
0.99	0.15	0.07	8.42	4.05	43.83
-0.39	0.37	0.84	136.67	57.19	9.96
-0.98	-0.14	0.15	188.27	8.89	43.39
-0.65	0.67	0.37	134.15	21.71	53.82
-0.65	-0.74	0.15	228.81	8.56	26.17
0.63	0.70	0.35	48.08	20.69	18.15
0.01	1.00	0.06	89.24	3.27	65.56
-0.40	-0.18	0.90	204.45	63.62	60.20
-0.40	-0.18	0.90	204.45	63.62	60.20
0.01	1.00	0.06	89.24	3.27	65.56
0.01	1.00	0.06	89.24	3.27	65.56
-0.67	0.59	0.45	138.34	26.99	91.47
0.95	-0.29	0.09	343.29	5.41	87.12
0.05	-0.16	0.99	286.05	80.51	56.33
0.89	-0.45	0.04	333.36	2.43	58.12
0.74	-0.08	0.67	353.65	41.94	85.32
0.89	-0.45	0.04	333.36	2.43	58.12
0.89	-0.45	0.04	333.36	2.43	58.12
0.07	0.99	0.12	86.13	7.09	42.46
0.07	0.99	0.12	86.13	7.09	42.46
0.12	-0.39	0.91	286.71	66.16	50.54
-0.83	-0.18	0.52	192.17	31.38	43.90
-0.88	0.46	0.10	152.60	5.79	47.60
-0.23	0.42	0.88	118.52	61.79	34.71
0.13	0.20	0.97	56.09	76.38	38.25
0.93	-0.17	0.33	349.69	19.55	15.79
0.78	0.55	0.31	35.34	17.92	59.34
0.78	0.55	0.31	35.34	17.92	59.34
0.05	0.99	0.12	86.91	6.77	65.46
0.05	0.99	0.12	86.91	6.77	65.46
-0.79	0.48	0.38	148.97	22.47	34.67
-0.98	0.17	0.08	170.03	4.78	57.26
0.70	-0.11	0.70	350.68	44.79	31.34
-0.00	-0.18	0.98	269.96	79.36	17.30
-0.23	-0.80	0.55	253.84	33.70	58.45
-0.58	-0.80	0.14	234.08	8.05	87.02
0.83	-0.32	0.45	339.10	26.94	41.45
0.35	-0.54	0.76	303.04	49.66	32.51
0.73	-0.02	0.69	358.12	43.31	57.33
0.27	-0.30	0.92	311.70	66.47	50.97
-0.43	-0.07	0.90	188.82	64.34	69.29
0.79	0.33	0.51	22.82	30.90	39.89
-0.16	0.98	0.12	99.52	6.79	37.15
-0.08	0.86	0.51	95.33	30.44	51.02
0.00	0.62	0.78	89.75	51.50	16.88
0.36	0.76	0.54	64.72	32.91	46.95
-0.82	0.47	0.33	150.31	19.02	34.85
-0.94	-0.01	0.34	180.48	20.13	31.18
-0.74	-0.57	0.36	217.91	21.26	63.85
0.36	0.76	0.54	64.72	32.91	46.95
0.52	0.82	0.25	57.59	14.57	89.13
-0.63	0.47	0.62	143.57	37.96	31.78
-0.54	0.76	0.36	125.47	21.17	49.70
0.72	-0.61	0.33	319.59	19.05	57.07
-0.95	0.30	0.05	162.37	2.79	34.47
-0.15	-0.29	0.94	242.40	70.90	42.18
-0.49	0.41	0.77	140.04	50.65	51.34
-0.56	0.21	0.80	159.30	52.85	31.86
-0.00	-0.90	0.44	269.78	26.20	10.07
-0.36	-0.90	0.24	248.34	13.62	84.97
0.00	0.62	0.78	89.75	51.50	16.88
0.13	0.13	0.98	45.07	79.40	13.75
0.64	0.37	0.67	29.91	41.97	49.90
-0.97	-0.22	0.09	193.00	5.33	28.75
-0.61	0.78	0.15	128.28	8.71	16.86
0.50	-0.75	0.43	304.00	25.57	62.20
0.40	-0.89	0.20	294.38	11.28	65.46
-0.77	-0.12	0.62	188.59	38.42	75.93
0.50	-0.79	0.35	302.52	20.23	20.92
-0.74	-0.10	0.66	187.62	41.38	26.41
0.31	-0.79	0.53	291.66	32.05	93.34
0.37	0.25	0.89	33.56	63.33	60.95
0.00	0.62	0.78	89.75	51.50	16.88
-0.17	-0.99	0.01	260.45	0.31	53.47
0.72	0.53	0.44	36.54	26.33	54.33
0.18	-0.53	0.83	288.80	55.85	39.24
0.15	-0.74	0.66	281.64	41.01	70.21
-0.34	-0.81	0.48	246.98	28.54	65.99
0.28	-0.93	0.25	286.61	14.22	50.52
0.86	-0.51	0.04	329.02	2.16	45.91
-0.48	-0.86	0.15	240.85	8.72	58.64
0.41	-0.18	0.89	337.03	63.28	70.72
-0.01	0.36	0.93	92.26	68.89	22.00
-0.97	-0.15	0.21	188.73	12.25	78.43
-0.46	-0.31	0.83	214.35	56.52	65.24
0.74	-0.24	0.63	342.25	38.89	65.67
-0.63	-0.30	0.72	205.41	46.13	59.65
-0.39	0.81	0.43	115.50	25.54	59.98
-0.26	0.95	0.19	105.45	10.84	57.48
-0.59	0.78	0.22	127.01	12.90	53.47
0.99	0.13	0.08	7.62	4.48	62.03
0.99	0.13	0.08	7.62	4.48	62.03
-0.86	0.07	0.50	175.26	29.94	90.99
0.04	0.84	0.55	87.55	33.26	46.29
-0.72	0.68	0.13	136.39	7.75	31.39
0.82	0.56	0.10	34.45	5.90	7.98
-0.24	-0.82	0.51	253.53	30.90	28.24
0.64	0.76	0.10	49.97	5.77	36.11
-0.36	0.72	0.59	116.66	36.31	11.60
-0.64	0.48	0.60	143.06	36.56	33.56
0.92	-0.02	0.40	358.71	23.72	9.52
0.34	-0.76	0.56	294.06	34.14	5.97
0.87	0.46	0.15	27.89	8.84	10.73
0.66	-0.13	0.74	348.96	47.68	28.84
-0.38	-0.55	0.75	235.16	48.36	7.03
-0.36	0.90	0.25	111.95	14.28	55.91
0.94	0.17	0.31	10.17	17.78	2.98
-0.15	-0.88	0.45	260.51	27.05	5.63
0.81	0.58	0.03	35.58	1.69	59.16
-0.61	0.16	0.78	165.32	50.86	23.77
0.07	0.80	0.59	85.30	36.34	49.38
-0.50	-0.69	0.53	234.04	31.96	34.44
-0.58	0.35	0.73	148.79	46.98	55.25
-0.71	0.15	0.69	168.48	43.30	82.10
0.38	-0.41	0.83	312.88	55.83	27.79
-0.76	-0.47	0.46	211.55	27.12	12.14
-0.24	-0.96	0.15	255.69	8.73	61.33
-0.83	-0.31	0.47	200.29	27.87	50.15
-0.18	-0.98	0.10	259.64	5.47	56.40
-0.63	0.33	0.70	152.25	44.31	47.52
0.95	0.22	0.22	12.92	12.92	31.32
0.82	-0.53	0.20	327.10	11.28	77.57
-0.88	0.46	0.13	152.49	7.45	58.36
-0.58	0.81	0.10	125.55	6.01	41.42
0.94	-0.31	0.11	341.84	6.42	83.21
0.12	-0.06	0.99	331.91	82.19	75.37
-0.08	-0.64	0.77	262.40	50.02	110.19
0.37	-0.23	0.90	328.46	64.08	55.57
0.75	-0.57	0.33	322.67	18.97	81.85
0.75	-0.57	0.33	322.67	18.97	81.85
0.80	0.45	0.40	29.64	23.41	71.22
0.06	0.36	0.93	79.67	68.83	26.86
0.67	-0.54	0.52	321.10	31.15	60.53
0.69	-0.70	0.21	314.59	12.22	86.40
-0.29	-0.95	0.12	253.01	6.72	69.68
0.21	-0.32	0.92	303.70	67.64	58.57
0.16	-0.08	0.98	333.52	79.86	49.55
-1.00	-0.06	0.04	183.60	2.08	86.33
-0.13	-0.76	0.63	260.02	39.12	97.73
0.20	0.92	0.35	77.56	20.39	31.48
-0.10	-0.70	0.70	261.93	44.77	51.11
0.62	-0.73	0.27	310.38	15.42	17.49
-0.08	0.95	0.30	94.61	17.70	56.18
-0.79	-0.23	0.57	196.50	34.90	63.79
0.88	-0.47	0.08	332.08	4.77	62.83
0.36	-0.88	0.30	292.15	17.37	66.94
-0.54	0.40	0.74	143.51	47.75	37.91
0.76	-0.37	0.53	333.91	32.34	19.65
-0.88	-0.23	0.42	194.52	24.99	34.90
-0.67	0.06	0.74	174.76	47.90	84.16
0.27	-0.04	0.96	352.28	73.97	40.15
0.07	-0.85	0.53	274.57	31.79	83.70
-0.82	0.47	0.33	150.31	19.02	34.85
0.08	0.99	0.07	85.40	4.20	49.51
-0.08	-0.64	0.76	262.94	49.73	85.20
-0.30	0.95	0.02	107.45	1.01	19.89
0.08	0.87	0.48	84.43	28.98	23.27
-0.64	0.11	0.76	170.26	49.51	19.03
-0.57	0.47	0.68	140.46	42.86	29.32
0.72	-0.58	0.38	320.84	22.47	19.24
-0.99	-0.02	0.13	181.03	7.75	82.91
0.03	-0.92	0.40	272.10	23.36	60.86
0.93	0.36	0.04	20.94	2.19	20.93
0.35	-0.93	0.04	290.79	2.08	30.08
0.35	-0.93	0.04	290.79	2.08	30.08
-0.97	-0.11	0.23	186.59	13.31	28.70
-0.92	-0.38	0.09	202.27	4.91	67.80
-0.92	-0.38	0.09	202.27	4.91	67.80
-0.58	-0.79	0.20	233.92	11.36	53.36
-0.21	0.51	0.84	112.55	56.79	56.72
-0.12	0.37	0.92	108.77	67.27	56.70
-0.97	-0.00	0.24	180.24	13.62	93.39
-0.71	0.48	0.52	146.06	31.61	13.32
0.41	-0.67	0.62	301.21	38.52	27.61
-0.28	-0.24	0.93	220.67	68.30	37.61
-0.45	-0.40	0.80	221.33	52.82	69.56
-0.55	-0.54	0.64	224.46	39.54	82.44
0.00	-0.95	0.30	270.03	17.39	32.22
0.01	-0.86	0.50	270.42	30.14	29.03
0.20	-0.48	0.85	292.64	58.70	55.99
-0.07	0.08	0.99	130.81	83.56	64.46
-0.77	-0.36	0.53	205.01	32.12	57.56
-0.01	-0.77	0.64	269.52	40.06	53.12
-0.49	-0.71	0.50	235.57	30.19	66.14
-0.71	0.70	0.04	135.29	2.57	33.27
0.93	0.36	0.06	21.22	3.33	58.17
-0.65	-0.20	0.73	197.32	47.02	90.15
0.40	-0.70	0.59	299.86	35.90	50.70
0.85	-0.11	0.51	352.36	30.89	40.49
0.18	-0.21	0.96	310.60	74.08	21.23
-0.04	-0.62	0.78	266.35	51.40	70.80
-0.04	-0.62	0.78	266.35	51.40	70.80
-0.04	-0.62	0.78	266.35	51.40	70.80
-0.04	-0.62	0.78	266.35	51.40	70.80
-0.99	-0.02	0.13	181.03	7.75	82.91
0.89	0.09	0.46	5.55	27.22	71.57
0.08	-0.96	0.28	274.56	16.13	46.69
0.08	-0.96	0.28	274.56	16.13	46.69
0.50	-0.65	0.57	307.81	35.03	68.83
0.69	0.39	0.61	29.44	37.85	75.76
0.61	0.03	0.79	2.76	52.41	57.29
-0.96	0.20	0.18	168.47	10.50	41.41
-0.47	-0.20	0.86	202.70	59.03	51.53
0.17	0.46	0.87	69.79	60.41	52.40
0.04	0.14	0.99	75.37	81.71	35.06
0.04	0.14	0.99	75.37	81.71	35.06
-0.42	-0.33	0.85	217.88	57.97	56.33
-0.13	-0.89	0.44	261.89	26.38	47.20
-0.51	-0.60	0.62	229.84	38.44	88.25
-0.35	0.94	0.03	110.50	1.59	40.26
-0.35	0.94	0.03	110.50	1.59	40.26
-0.54	-0.13	0.83	194.02	56.16	57.33
-0.42	0.83	0.37	116.56	21.65	66.22
0.13	0.58	0.80	77.25	53.40	29.63
-0.84	-0.53	0.09	212.47	4.89	88.75
0.42	0.79	0.45	61.92	26.45	68.28
-0.32	0.26	0.91	141.13	65.67	41.71
-0.56	-0.78	0.29	234.42	16.63	62.96
0.89	0.18	0.43	11.19	25.24	26.57
-0.87	-0.31	0.38	199.51	22.41	67.92
0.97	-0.15	0.21	351.33	12.07	70.93
0.02	-0.72	0.69	271.60	43.99	95.25
0.10	-0.04	0.99	339.75	83.94	49.36
0.45	-0.21	0.87	334.45	60.21	60.42
0.45	-0.21	0.87	334.45	60.21	60.42
0.23	0.97	0.10	76.72	5.60	33.32
-0.53	-0.66	0.53	231.27	32.33	12.95
0.10	-0.04	0.99	339.75	83.94	49.36
0.02	0.36	0.93	87.53	69.09	55.90
-0.41	-0.73	0.56	240.79	33.75	18.29
0.13	-0.93	0.33	278.14	19.28	42.94
0.96	-0.13	0.27	352.46	15.50	70.95
-0.77	-0.62	0.14	218.68	7.83	63.61
-0.40	-0.71	0.58	241.02	35.20	57.48
0.91	0.13	0.40	8.01	23.34	82.76
0.83	0.52	0.23	31.98	13.42	12.50
-0.08	0.93	0.37	94.88	21.56	36.75
-0.10	-0.79	0.60	263.06	37.05	5.77
0.71	-0.68	0.20	316.00	11.36	71.78
0.92	-0.31	0.23	341.42	13.45	94.85
-0.59	0.80	0.06	126.50	3.36	62.73
0.87	-0.48	0.15	331.12	8.66	72.30
0.87	-0.48	0.15	331.12	8.66	72.30
0.34	0.02	0.94	2.97	69.98	51.07
-0.60	-0.51	0.62	220.20	37.98	46.66
0.74	0.48	0.48	33.06	28.60	56.13
0.74	0.48	0.48	33.06	28.60	56.13
0.91	0.24	0.34	14.90	19.59	64.84
0.70	0.53	0.48	36.83	28.47	85.28
-0.38	0.19	0.91	153.78	65.12	22.80
-0.91	0.42	0.01	155.34	0.41	15.04
-0.91	0.42	0.01	155.34	0.41	15.04
-0.03	-0.58	0.81	267.25	54.23	39.69
0.98	0.06	0.19	3.40	11.13	54.82
-0.47	-0.80	0.37	239.44	21.74	16.38
0.43	-0.82	0.37	297.47	21.63	31.19
0.99	0.09	0.07	5.19	3.91	90.21
0.24	-0.71	0.66	288.67	41.05	59.38
-0.81	-0.10	0.57	187.20	35.06	73.03
-0.81	-0.10	0.57	187.20	35.06	73.03
-0.76	-0.51	0.41	213.88	24.39	69.47
0.85	-0.49	0.18	330.14	10.62	63.54
-0.06	0.75	0.65	94.43	40.80	45.94
-0.63	-0.42	0.65	214.02	40.68	86.32
0.83	0.31	0.46	20.60	27.42	76.81
0.84	-0.35	0.41	337.44	23.91	65.75
0.48	-0.61	0.63	308.17	39.17	89.57
0.24	-0.71	0.66	288.67	41.05	59.38
-0.04	-0.62	0.78	266.09	51.54	70.51
0.06	-0.04	1.00	325.68	86.03	57.94
-0.74	-0.51	0.43	214.52	25.65	60.03
0.79	-0.06	0.62	355.90	38.07	24.19
-0.38	0.20	0.90	152.17	64.44	22.82
0.76	-0.64	0.09	319.93	5.32	104.51
0.76	-0.64	0.15	320.05	8.44	107.42
-0.19	-0.94	0.28	258.72	16.09	20.45
-0.38	0.92	0.07	112.67	3.73	14.05
0.92	-0.29	0.27	342.17	15.84	78.70
-0.36	0.16	0.92	156.33	66.75	15.09
-0.54	-0.26	0.80	205.45	53.45	43.48
-0.77	0.64	0.03	140.50	1.90	80.04
0.73	-0.66	0.16	317.72	9.42	64.38
-0.73	0.68	0.02	136.99	1.20	40.59
0.84	-0.53	0.10	327.63	5.52	69.03
0.77	-0.64	0.01	320.05	0.41	51.34
-0.47	0.77	0.43	121.23	25.78	41.87
-0.14	-0.26	0.95	241.70	72.72	43.01
-0.14	-0.26	0.95	241.70	72.72	43.01
0.03	0.92	0.40	88.00	23.40	17.46
0.40	-0.59	0.71	303.94	44.94	46.87
0.27	-0.45	0.85	300.69	58.09	57.35
0.85	-0.36	0.38	337.24	22.25	84.46
-0.99	-0.15	0.02	188.40	1.19	70.58
-0.99	-0.15	0.02	188.40	1.19	70.58
-0.81	0.02	0.58	178.78	35.77	20.88
0.21	-0.50	0.84	292.50	57.44	33.00
-0.75	-0.40	0.53	208.13	32.20	11.18
-0.61	-0.52	0.60	220.45	36.89	41.03
-0.69	-0.35	0.64	206.73	39.65	45.72
0.47	-0.77	0.42	301.46	25.07	61.98
0.37	0.86	0.34	66.63	20.01	41.90
0.12	0.13	0.98	46.85	79.49	67.00
0.67	0.50	0.55	36.70	33.52	14.25
-0.81	0.59	0.00	143.71	0.13	39.60
-0.78	0.41	0.48	152.35	28.48	11.65
-0.88	-0.33	0.34	200.54	19.84	59.33
0.12	-0.91	0.40	277.32	23.62	48.66
-0.01	0.45	0.89	90.94	63.06	30.74
0.31	-0.76	0.57	292.28	34.45	27.05
-0.84	0.47	0.27	151.12	15.61	52.45
-0.75	0.39	0.54	152.36	32.72	63.07
0.20	0.33	0.92	58.58	67.17	6.59
0.31	-0.39	0.87	308.58	60.40	62.04
-0.53	0.70	0.47	127.21	28.07	52.99
-0.59	0.67	0.45	131.58	26.62	63.93
0.99	-0.12	0.11	352.79	6.58	85.67
0.54	0.84	0.05	56.96	3.11	19.56
0.55	0.55	0.63	45.21	38.72	28.57
-0.26	0.79	0.56	108.37	34.19	34.29
0.71	-0.60	0.38	319.75	22.21	17.42
-0.72	0.70	0.01	135.91	0.51	40.40
-0.76	0.64	0.03	139.84	1.74	79.80
-0.76	0.64	0.03	139.84	1.74	79.80
0.83	0.28	0.47	18.58	28.30	69.79
0.10	-0.36	0.93	285.28	67.79	72.39
0.31	-0.66	0.69	294.90	43.25	60.84
0.15	-0.92	0.35	279.15	20.50	59.83
0.36	-0.91	0.21	291.80	12.36	11.62
0.55	-0.16	0.82	344.01	54.80	52.09
0.56	-0.34	0.75	328.79	48.93	21.53
-0.41	-0.25	0.88	211.69	61.52	93.11
-0.74	0.24	0.64	162.18	39.46	76.04
0.55	-0.16	0.82	344.01	54.80	52.09
-0.40	0.11	0.91	164.09	65.54	20.89
0.83	-0.53	0.18	327.49	10.23	87.26
-0.86	0.50	0.10	149.87	5.73	24.45
0.02	-0.41	0.91	273.27	65.50	39.77
-0.61	-0.16	0.78	195.12	51.01	69.20
-0.27	-0.96	0.11	254.45	6.28	39.30
0.24	-0.94	0.25	284.28	14.34	38.95
0.60	-0.10	0.80	350.19	52.81	62.19
-0.95	0.09	0.29	174.83	17.14	56.72
-0.76	0.14	0.64	169.48	39.82	53.02
0.99	-0.05	0.10	357.39	5.84	29.21
-0.59	0.01	0.81	178.91	53.92	42.77
0.70	-0.34	0.64	334.25	39.48	35.95
-0.95	0.25	0.19	165.48	11.18	37.75
0.39	0.17	0.90	23.16	64.74	52.36
-0.29	0.18	0.94	148.14	69.68	8.38
-0.87	-0.43	0.25	206.51	14.62	55.41
-0.56	0.81	0.17	124.34	10.04	36.06
-0.98	-0.06	0.18	183.45	10.58	66.10
0.45	-0.06	0.89	352.79	62.79	12.71
-0.82	-0.54	0.19	213.38	11.22	93.69
-0.60	0.25	0.76	157.76	49.32	10.39
0.52	0.50	0.69	44.35	43.79	53.87
0.80	0.49	0.34	31.56	20.04	53.27
0.80	0.49	0.34	31.56	20.04	53.27
0.17	0.94	0.28	79.73	16.50	43.47
0.84	-0.48	0.27	330.31	15.56	70.78
0.17	0.97	0.16	80.11	9.14	45.13
0.05	-0.54	0.84	274.95	57.10	37.52
0.05	-0.54	0.84	274.95	57.10	37.52
-0.22	-0.20	0.95	221.98	72.39	32.79
0.52	-0.84	0.15	301.58	8.76	80.98
0.17	0.97	0.16	80.11	9.14	45.13
-0.47	-0.88	0.07	241.83	4.24	75.34
-0.48	-0.44	0.76	222.16	49.54	99.03
-0.43	0.86	0.28	116.75	16.33	13.01
0.85	0.24	0.47	15.74	28.25	33.38
0.95	-0.19	0.24	348.55	13.71	22.09
0.50	0.76	0.41	56.66	23.94	50.22
0.87	0.49	0.04	29.60	2.05	12.45
-0.68	-0.64	0.36	223.41	21.16	10.56
-0.49	0.25	0.83	152.64	56.33	20.03
0.94	0.31	0.14	18.08	7.99	89.15
0.19	-0.87	0.46	282.15	27.09	18.97
0.72	0.46	0.51	32.56	30.75	94.62
0.43	0.85	0.32	63.04	18.51	45.26
0.89	0.03	0.46	1.91	27.22	8.18
0.45	0.82	0.35	61.08	20.22	76.51
-0.27	-0.95	0.15	253.93	8.56	70.71
0.64	0.15	0.76	13.14	49.18	15.87
-0.18	-0.41	0.89	246.42	63.21	14.18
0.86	-0.36	0.36	337.33	20.85	81.02
0.00	-0.96	0.29	270.21	17.08	39.29
0.83	-0.02	0.56	358.37	33.76	31.89
-0.00	-0.40	0.92	269.42	66.58	12.16
0.75	-0.65	0.12	319.20	6.82	74.55
1.00	-0.05	0.01	356.96	0.39	37.16
-0.57	-0.74	0.34	232.46	20.17	20.92
0.55	0.10	0.83	10.59	55.94	40.25
-0.18	0.41	0.89	113.17	63.24	31.28
0.06	0.34	0.94	79.49	69.88	59.95
-0.95	0.17	0.28	169.92	16.25	41.40
-0.95	0.17	0.28	169.92	16.25	41.40
-0.41	-0.24	0.88	209.72	61.49	8.34
0.65	-0.61	0.45	317.15	26.79	14.97
0.45	0.82	0.35	61.08	20.22	76.51
0.75	-0.62	0.21	320.43	12.37	61.51
0.73	-0.63	0.25	319.07	14.30	78.73
0.36	-0.31	0.88	319.45	61.39	54.71
-0.30	-0.62	0.72	244.15	46.17	25.40
0.34	-0.73	0.59	294.81	36.21	73.43
-0.15	-0.08	0.99	207.75	80.44	48.05
0.97	0.24	0.02	13.87	1.02	82.93
-0.04	0.50	0.87	95.16	60.13	11.83
0.49	-0.43	0.76	319.29	49.26	21.08
0.30	0.94	0.17	72.48	9.66	65.25
0.10	0.97	0.21	83.98	11.92	28.39
-0.79	-0.54	0.29	214.66	16.89	11.11
0.40	-0.11	0.91	343.86	65.66	7.09
0.40	-0.11	0.91	343.86	65.66	7.09
-0.74	-0.66	0.06	221.78	3.51	20.88
0.19	-0.63	0.75	286.63	48.70	60.02
0.80	-0.31	0.52	338.91	31.00	5.35
0.28	0.92	0.26	73.28	15.34	28.29
-0.69	0.12	0.72	169.79	45.89	59.41
-0.72	-0.11	0.68	188.43	43.01	59.48
0.80	0.59	0.05	36.37	2.75	63.97
0.18	0.40	0.90	66.33	64.12	52.47
-0.54	0.44	0.72	140.93	46.10	45.29
-0.56	-0.75	0.35	233.26	20.49	19.49
-0.56	-0.65	0.52	229.17	31.22	58.61
0.59	0.55	0.59	42.82	35.92	56.58
0.64	-0.35	0.68	331.10	42.99	18.32
-0.62	-0.34	0.71	208.56	45.09	73.88
-0.20	-0.26	0.94	233.01	70.68	52.70
0.60	0.80	0.09	53.11	4.95	36.24
-0.56	0.68	0.47	129.39	28.00	9.68
-0.62	-0.34	0.71	208.56	45.09	73.88
0.66	-0.70	0.29	313.34	16.65	62.21
-0.84	-0.39	0.38	204.88	22.09	55.38
0.10	0.50	0.86	78.98	59.18	36.67
0.07	0.13	0.99	63.27	81.39	80.13
0.61	0.24	0.75	21.54	49.00	69.83
0.06	0.99	0.12	86.75	7.08	59.82
-0.72	-0.50	0.49	214.60	29.28	41.69
-0.95	-0.29	0.12	197.05	6.98	64.76
0.37	0.90	0.24	67.27	13.94	38.32
0.72	0.23	0.66	17.71	41.20	65.04
-0.60	-0.71	0.37	230.16	21.55	68.80
0.93	0.15	0.34	9.12	20.01	86.57
-0.85	0.53	0.05	148.19	3.05	38.14
-0.75	-0.11	0.65	188.65	40.73	16.69
0.13	-0.84	0.52	278.93	31.49	63.90
0.60	0.71	0.36	49.81	21.09	19.03
0.38	0.09	0.92	13.61	67.15	7.24
0.53	0.85	0.01	57.82	0.72	74.26
-0.16	-0.59	0.79	255.04	52.38	12.22
-0.93	0.37	0.04	158.38	2.34	11.87
-0.80	0.56	0.21	145.11	12.27	86.76
0.20	0.47	0.86	66.58	59.15	27.67
-0.58	-0.51	0.63	221.28	39.30	40.37
0.60	0.79	0.12	52.64	6.97	4.99
0.58	0.43	0.70	36.64	44.10	10.34
-0.48	-0.14	0.86	196.12	59.79	96.54
0.87	-0.26	0.42	343.44	24.90	80.56
0.82	-0.57	0.02	325.02	0.98	80.67
-0.28	-0.13	0.95	204.59	71.83	47.21
-0.95	-0.29	0.13	197.21	7.53	59.74
-0.14	0.86	0.48	99.02	28.96	18.25
0.33	-0.20	0.92	328.77	67.03	17.15
-0.30	0.70	0.65	113.55	40.30	63.03
-0.38	0.57	0.73	123.93	47.06	94.61
-0.55	-0.83	0.06	236.34	3.39	78.85
-0.89	-0.18	0.42	191.62	24.81	7.09
0.65	0.76	0.04	49.34	2.05	82.03
-0.58	-0.53	0.62	222.47	38.56	84.74
-0.97	0.11	0.22	173.65	12.48	82.89
-0.95	0.30	0.08	162.51	4.50	70.47
-0.44	0.63	0.64	125.03	39.76	57.65
-0.36	0.62	0.69	120.18	43.82	90.92
-0.90	0.00	0.43	179.76	25.26	18.64
0.78	0.63	0.06	38.92	3.47	93.70
-0.75	0.66	0.08	138.75	4.35	64.32
-0.87	-0.43	0.25	206.16	14.67	53.97
0.85	-0.50	0.17	329.39	9.78	65.97
0.85	-0.50	0.17	329.39	9.78	65.97
0.34	-0.90	0.27	290.37	15.52	55.62
0.04	0.99	0.11	87.57	6.25	77.86
-0.74	0.09	0.66	173.32	41.49	20.59
0.73	-0.64	0.24	319.03	13.71	19.96
-0.35	0.37	0.86	133.16	59.20	48.79
-0.80	0.57	0.17	144.30	9.96	25.17
0.56	0.24	0.79	23.37	52.17	26.85
0.96	0.00	0.27	0.13	15.95	31.60
0.96	0.00	0.27	0.13	15.95	31.60
0.20	-0.59	0.78	288.55	51.16	82.81
-0.32	0.07	0.95	168.07	70.95	13.42
0.19	-0.79	0.59	283.22	35.97	36.26
-0.82	-0.33	0.47	202.11	28.18	85.23
-0.23	0.62	0.75	110.05	48.92	81.98
-0.30	0.56	0.77	117.74	50.41	93.32
0.78	0.63	0.06	38.92	3.47	93.70
0.69	-0.70	0.18	314.34	10.28	59.26
0.09	-0.52	0.85	279.68	58.36	102.74
0.98	0.15	0.15	8.71	8.82	81.41
0.02	-0.96	0.27	270.94	15.63	76.35
-0.99	-0.04	0.12	182.29	7.07	77.29
-0.15	-0.98	0.09	261.09	5.40	18.97
-0.69	0.65	0.31	136.97	18.20	69.30
-0.26	0.95	0.14	105.46	8.31	48.64
-0.76	0.36	0.54	154.56	32.52	18.77
-0.64	0.72	0.27	131.77	15.72	9.99
0.35	-0.81	0.47	293.61	28.04	42.34
-0.84	-0.29	0.47	198.96	27.75	93.83
0.58	0.40	0.71	34.53	45.28	105.86
-0.08	1.00	0.02	94.36	1.26	22.73
0.54	-0.77	0.33	305.11	19.37	35.75
0.32	-0.06	0.94	349.15	70.80	66.27
0.05	-0.02	1.00	334.19	86.75	44.94
-0.78	-0.54	0.32	215.11	18.66	80.68
-0.44	-0.37	0.82	219.92	54.66	112.11
-0.80	0.57	0.17	144.30	9.96	25.17
-0.81	0.22	0.55	164.99	33.11	50.56
-0.86	0.52	0.01	148.86	0.46	40.04
-0.84	0.35	0.42	157.13	24.70	29.46
0.70	-0.48	0.53	325.29	32.25	18.27
-0.86	-0.17	0.49	191.51	29.19	41.05
0.57	-0.33	0.75	330.39	48.86	33.78
0.14	-0.99	0.09	277.95	5.12	73.31
-0.18	0.64	0.75	106.00	48.44	60.32
-0.82	0.56	0.11	145.73	6.21	65.46
0.70	0.47	0.54	33.88	32.76	66.66
0.85	0.25	0.46	16.53	27.65	59.12
0.74	0.50	0.45	34.35	27.03	75.43
-0.55	-0.84	0.01	236.73	0.50	11.01
-0.28	0.96	0.05	106.00	2.71	25.95
0.07	-0.01	1.00	352.45	85.94	15.55
-0.47	-0.70	0.54	236.35	32.93	22.31
0.04	0.67	0.74	86.41	47.84	15.84
0.44	0.71	0.54	58.21	32.89	46.57
-0.28	0.72	0.63	111.30	39.11	60.52
-0.45	0.83	0.33	118.17	19.13	78.20
-0.31	-0.56	0.77	240.89	50.13	50.95
0.50	-0.44	0.75	318.75	48.60	38.26
0.99	-0.11	0.04	353.75	2.35	67.05
0.14	0.26	0.96	62.22	73.10	75.08
0.58	0.72	0.38	51.07	22.05	16.01
-0.73	0.14	0.66	168.89	41.61	65.39
0.55	0.27	0.79	26.26	52.02	41.71
0.87	0.33	0.36	20.62	21.26	66.98
-0.26	0.92	0.29	105.73	16.87	26.86
-0.66	-0.15	0.73	192.80	47.13	46.19
0.25	0.92	0.31	74.97	18.01	14.91
0.45	-0.58	0.68	308.06	42.48	12.17
0.80	-0.59	0.13	323.67	7.35	33.70
0.54	-0.48	0.69	318.79	43.81	45.99
0.61	-0.29	0.73	334.40	47.12	37.65
0.59	-0.70	0.40	309.86	23.32	8.46
-0.25	0.06	0.97	166.11	74.95	26.66
-1.00	0.07	0.05	176.04	2.90	69.98
0.17	0.94	0.31	79.78	18.07	67.02
0.08	-1.00	0.00	274.73	0.21	84.88
0.94	0.16	0.31	9.73	18.14	60.25
0.31	0.38	0.87	50.82	60.73	45.31
0.92	0.34	0.20	20.15	11.51	71.74
-0.69	-0.45	0.56	213.45	34.38	63.56
0.44	0.66	0.61	56.39	37.35	58.89
0.71	0.15	0.68	11.68	43.16	19.98
-0.51	-0.83	0.23	238.59	13.35	43.49
0.94	-0.31	0.12	341.59	6.64	50.41
-0.19	0.45	0.87	113.35	60.98	46.30
0.61	-0.72	0.33	310.49	19.01	68.35
-0.10	0.28	0.96	109.14	72.85	59.76
0.12	-0.55	0.83	282.21	55.70	78.15
0.50	0.63	0.60	51.49	36.80	24.06
0.41	0.69	0.59	59.51	36.25	34.93
0.06	-1.00	0.06	273.54	3.54	12.30
0.15	-0.95	0.28	279.01	16.31	32.55
-0.59	0.71	0.37	129.83	21.97	19.26
0.40	-0.91	0.10	294.01	5.55	47.45
-0.10	-0.29	0.95	251.74	72.03	17.13
0.19	0.56	0.81	71.03	53.69	25.96
-0.99	-0.05	0.13	182.67	7.52	7.91
0.51	0.82	0.25	58.29	14.58	73.81
-0.40	0.77	0.49	117.48	29.15	52.02
-0.63	-0.54	0.55	220.77	33.53	45.36
-0.78	-0.42	0.47	208.33	27.94	24.13
0.66	0.69	0.30	46.02	17.44	22.93
-0.52	0.43	0.74	140.76	47.64	52.61
0.53	0.72	0.44	53.44	26.32	34.58
0.53	-0.82	0.23	302.93	13.23	36.88
0.71	-0.68	0.16	316.24	9.36	48.92
0.02	0.45	0.89	87.12	63.18	69.99
0.64	0.32	0.70	26.69	44.27	106.94
0.65	0.46	0.61	35.52	37.25	40.14
-0.16	-0.99	0.00	260.72	0.08	43.86
-0.33	-0.55	0.77	239.22	49.99	30.77
-0.27	-0.93	0.25	254.05	14.74	42.64
-0.68	-0.12	0.72	190.23	46.47	63.73
-0.95	0.22	0.20	167.20	11.75	34.64
0.79	0.07	0.61	4.87	37.77	10.23
-0.87	-0.41	0.26	205.40	15.24	3.13
0.15	-0.44	0.88	288.44	62.22	14.94
-0.19	0.97	0.14	100.83	8.33	78.98
-0.50	-0.83	0.25	238.95	14.23	30.18
-0.34	0.92	0.21	110.06	12.34	18.86
0.25	-0.95	0.19	285.01	10.98	93.91
-0.43	0.88	0.19	115.77	11.23	34.64
-0.82	0.39	0.42	154.59	25.00	89.23
0.16	-0.95	0.28	279.56	16.18	103.76
-0.51	-0.40	0.77	217.99	50.01	73.21
0.11	-0.49	0.87	282.20	60.20	21.59
0.96	-0.27	0.08	344.56	4.46	74.41
0.19	-0.39	0.90	296.10	64.32	16.64
0.98	-0.17	0.11	349.94	6.03	57.24
0.86	0.10	0.49	6.43	29.54	6.62
-0.68	-0.52	0.52	217.08	31.05	7.72
0.86	-0.36	0.37	336.94	21.50	7.78
0.21	-0.95	0.24	282.78	13.83	108.43
-0.06	-1.00	0.03	266.77	1.76	25.16
-0.44	0.80	0.40	118.75	23.67	26.68
0.98	-0.18	0.04	349.50	2.31	52.81
0.96	-0.17	0.20	349.88	11.75	59.88
0.22	-0.49	0.84	293.72	57.31	6.18
0.07	-0.46	0.88	278.98	62.16	7.99
-0.17	0.27	0.95	122.33	71.07	44.91
-0.99	0.02	0.10	178.94	5.87	4.86
0.61	-0.18	0.77	343.70	50.69	80.17
-0.64	-0.74	0.19	229.37	11.13	91.13
0.83	-0.53	0.17	327.61	9.91	99.36
0.58	-0.37	0.72	327.41	46.18	9.31
-0.25	-0.67	0.70	249.73	44.40	32.25
0.38	0.92	0.10	67.46	5.79	16.65
-0.06	-0.78	0.63	265.62	38.79	55.12
0.44	-0.42	0.79	316.72	52.35	15.18
-0.21	-0.90	0.37	256.65	21.86	20.88
-0.37	-0.17	0.91	204.83	65.93	15.38
0.86	0.49	0.14	29.70	7.96	14.80
-0.01	0.98	0.22	90.80	12.55	68.65
-0.79	-0.03	0.61	182.52	37.76	25.09
-0.14	-0.62	0.77	257.05	50.43	91.34
-0.80	-0.59	0.08	216.38	4.80	74.20
-0.37	-0.17	0.91	204.83	65.93	15.38
-0.60	0.21	0.77	160.35	50.30	54.18
-0.57	-0.70	0.44	230.62	25.90	41.26
-0.71	-0.54	0.44	217.31	25.99	39.28
0.37	0.59	0.71	57.78	45.47	63.13
-0.11	0.06	0.99	154.09	82.66	80.32
0.41	-0.09	0.91	348.26	64.96	80.42
0.77	-0.30	0.56	338.46	34.34	61.32
0.86	-0.39	0.32	335.46	18.90	59.23
0.22	-0.79	0.58	285.96	35.20	17.98
-0.99	-0.02	0.12	181.16	6.74	75.62
-0.99	-0.02	0.12	181.16	6.74	75.62
0.96	0.20	0.21	11.73	12.30	66.77
0.96	0.20	0.21	11.73	12.30	66.77
-0.75	0.55	0.37	143.65	21.61	57.51
-0.74	0.19	0.64	165.60	39.98	34.06
0.90	-0.05	0.43	357.11	25.68	56.92
0.90	-0.05	0.43	357.11	25.68	56.92
-0.58	0.81	0.10	125.70	5.86	41.23
0.54	0.80	0.25	55.92	14.51	34.74
0.76	0.54	0.37	35.17	21.75	10.04
-0.49	0.22	0.84	155.39	57.47	45.50
-0.82	-0.45	0.36	208.56	21.21	9.57
-0.41	-0.59	0.70	235.61	44.12	16.42
0.94	0.10	0.32	5.91	18.95	83.61
0.90	-0.44	0.06	334.03	3.55	64.72
0.82	-0.30	0.49	339.99	29.51	63.46
0.99	0.14	0.00	7.87	0.21	68.28
-0.98	-0.20	0.07	191.33	4.19	71.42
0.16	0.96	0.23	80.45	13.23	21.66
0.06	0.72	0.69	84.85	43.88	27.54
-0.61	-0.09	0.79	188.12	51.74	29.90
0.25	0.82	0.52	73.03	31.42	41.53
-0.57	-0.22	0.79	201.03	52.43	38.67
-0.12	0.05	0.99	157.22	82.60	80.05
0.41	-0.09	0.91	347.22	65.04	80.29
0.70	-0.70	0.13	314.82	7.76	32.63
-0.66	0.53	0.54	141.48	32.43	46.51
-0.91	0.41	0.08	155.64	4.38	49.19
0.41	-0.09	0.91	347.17	64.98	80.35
0.37	0.04	0.93	6.21	68.04	9.13
-0.79	-0.35	0.50	203.50	29.95	11.07
-0.58	-0.54	0.61	222.54	37.68	25.05
0.07	0.92	0.38	85.73	22.09	50.56
0.07	0.92	0.38	85.73	22.09	50.56
0.65	0.05	0.76	4.69	49.59	14.92
-0.16	-0.99	0.02	260.61	0.89	83.36
-0.64	-0.56	0.53	221.29	31.74	31.76
-0.23	0.02	0.97	175.52	76.68	70.41
0.41	-0.09	0.91	347.22	65.04	80.29
-0.23	0.02	0.97	175.68	76.75	70.40
-0.50	0.68	0.54	126.56	32.35	47.31
0.95	-0.12	0.30	352.93	17.72	14.18
0.86	0.46	0.22	28.34	12.75	47.18
0.86	0.46	0.22	28.34	12.75	47.18
0.70	-0.71	0.11	314.47	6.27	47.09
0.42	0.20	0.89	25.21	62.28	8.79
0.70	-0.71	0.11	314.69	6.12	47.29
-0.88	0.38	0.29	156.39	17.00	10.84
0.13	0.96	0.25	82.33	14.52	58.32
0.35	0.78	0.52	65.94	31.24	56.89
-0.80	0.10	0.59	172.74	35.85	14.03
0.81	0.49	0.32	30.91	18.79	43.98
-0.33	-0.82	0.46	247.85	27.45	22.85
0.70	-0.71	0.11	314.47	6.27	47.09
0.41	-0.09	0.91	347.22	65.04	80.29
0.42	0.89	0.16	64.65	9.40	54.91
-0.69	-0.11	0.71	188.75	45.64	38.27
-0.16	-0.99	0.02	260.61	0.89	83.36
0.75	0.49	0.45	33.19	26.87	76.34
-0.96	0.03	0.27	178.41	15.80	1.58
0.66	-0.75	0.09	311.41	5.42	66.71
-0.91	0.35	0.23	159.08	13.37	25.22
0.88	0.31	0.36	19.69	20.87	68.14
0.78	0.33	0.53	23.00	32.27	66.98
0.84	-0.53	0.15	327.71	8.49	45.91
0.67	-0.53	0.52	321.61	31.03	13.68
0.98	-0.11	0.16	353.51	9.06	69.10
0.30	-0.83	0.47	289.86	28.00	78.66
0.45	0.88	0.16	62.71	9.12	38.57
-0.72	0.26	0.65	160.26	40.56	45.57
-0.46	-0.04	0.89	185.04	62.78	25.72
-0.40	0.88	0.25	114.53	14.57	58.33
-0.39	0.69	0.61	119.78	37.54	74.20
0.14	-0.82	0.55	279.55	33.49	45.23
0.70	-0.71	0.11	314.47	6.27	47.09
0.70	-0.71	0.10	314.71	5.94	46.91
0.88	0.31	0.36	19.69	20.87	68.14
-0.35	-0.82	0.45	247.15	26.70	21.64
-0.35	-0.82	0.45	247.15	26.70	21.64
-0.09	-0.79	0.61	263.56	37.80	55.74
-0.23	0.02	0.97	175.51	76.73	70.47
0.38	-0.78	0.50	295.96	29.73	37.97
-0.87	0.48	0.06	151.03	3.44	62.94
-0.94	-0.31	0.14	198.37	8.03	34.58
0.89	0.25	0.38	15.62	22.21	62.58
0.84	-0.53	0.08	327.72	4.69	8.88
0.27	0.88	0.39	73.09	22.97	34.94
0.66	0.74	0.14	48.48	8.28	59.07
-0.56	0.83	0.00	124.29	0.27	59.56
0.98	-0.19	0.10	348.97	5.56	50.07
0.56	-0.65	0.51	310.76	30.91	47.05
-0.83	0.56	0.05	145.80	2.88	77.30
-0.93	0.31	0.17	161.53	10.05	70.63
0.45	0.37	0.81	39.06	54.26	43.15
0.07	0.93	0.35	85.81	20.56	15.30
-0.86	0.46	0.21	151.69	11.91	47.81
-0.98	0.17	0.05	170.27	3.07	75.74
0.90	0.42	0.11	24.98	6.46	70.16
-0.41	0.11	0.91	165.60	64.93	17.44
0.92	-0.19	0.34	348.51	19.61	60.70
0.45	-0.74	0.50	301.01	30.24	58.13
-0.99	-0.04	0.11	182.51	6.11	30.36
-0.48	0.63	0.61	127.40	37.92	39.48
-0.87	-0.49	0.09	209.26	4.98	23.45
0.87	0.15	0.47	9.76	27.94	39.64
-0.31	-0.56	0.77	241.38	50.40	98.50
-0.67	-0.63	0.39	223.23	23.04	78.13
0.96	-0.22	0.19	347.28	10.81	15.92
0.82	-0.56	0.11	325.45	6.09	46.85
0.72	-0.64	0.26	318.58	14.99	69.84
-0.65	-0.50	0.58	217.70	35.11	63.97
-0.86	0.23	0.45	165.18	27.00	22.88
0.05	0.97	0.22	87.01	12.87	41.31
0.50	0.51	0.70	45.72	44.37	44.51
0.84	-0.43	0.34	332.92	19.97	46.38
0.97	-0.22	0.11	347.08	6.05	45.70
0.52	0.08	0.85	9.24	58.53	40.54
0.71	-0.19	0.68	345.16	42.61	69.84
0.19	-0.12	0.98	327.52	77.23	33.25
0.98	-0.13	0.17	352.21	9.91	50.65
0.83	-0.54	0.12	327.03	6.87	35.72
-0.11	-0.57	0.81	258.92	54.20	71.64
-0.37	-0.85	0.37	246.22	21.79	73.40
0.49	0.70	0.52	55.09	31.57	86.01
0.64	-0.76	0.14	310.14	7.83	52.46
0.81	-0.58	0.04	324.27	2.27	69.58
0.55	0.32	0.77	29.89	50.73	20.18
0.33	0.90	0.28	70.05	16.01	41.32
0.74	0.54	0.39	35.98	23.19	72.92
0.22	0.97	0.02	77.03	1.38	52.93
-0.20	-0.93	0.31	258.09	18.06	56.86
-0.41	-0.69	0.60	239.33	37.04	47.57
0.74	0.67	0.05	42.37	2.69	36.47
0.29	0.95	0.11	73.22	6.23	33.51
0.97	-0.23	0.04	346.45	2.51	64.32
0.24	0.40	0.88	59.12	62.21	65.59
0.83	-0.54	0.14	326.75	8.04	46.14
0.02	-0.53	0.85	271.87	57.73	70.12
0.02	-0.53	0.85	271.87	57.73	70.12
0.96	-0.23	0.15	346.72	8.79	42.26
0.37	0.88	0.29	67.23	16.99	36.64
-0.85	0.49	0.20	149.79	11.37	13.77
-0.95	0.13	0.27	172.50	15.65	37.26
0.15	-0.83	0.54	280.38	32.83	68.47
0.86	-0.29	0.42	341.73	24.61	48.96
-0.36	0.29	0.89	140.82	62.60	56.47
0.90	-0.35	0.27	339.02	15.53	28.12
0.90	-0.16	0.39	349.67	23.25	59.01
0.81	0.08	0.58	5.49	35.65	70.33
0.89	-0.42	0.18	334.45	10.50	60.06
-0.44	-0.84	0.31	242.59	17.93	24.88
0.68	0.71	0.17	46.28	9.72	48.10
0.08	0.78	0.62	84.32	38.60	45.24
0.73	-0.13	0.68	349.49	42.48	30.15
0.94	-0.32	0.13	340.89	7.21	31.98
0.68	-0.41	0.61	329.31	37.45	13.61
0.99	-0.14	0.07	352.00	3.78	85.84
-0.48	-0.41	0.78	220.70	51.16	28.38
0.15	-0.33	0.93	294.55	69.06	25.12
-1.00	0.00	0.01	179.82	0.38	17.48
-0.13	0.59	0.80	102.06	53.06	14.29
0.64	0.49	0.59	37.66	36.49	47.02
0.44	-0.86	0.25	297.28	14.50	32.59
-0.01	-0.97	0.23	269.27	13.40	23.98
0.97	0.13	0.21	7.64	12.35	85.24
0.26	-0.10	0.96	338.13	73.81	28.59
-0.32	-0.12	0.94	200.05	69.86	25.62
0.05	-0.94	0.34	272.91	20.12	39.21
0.28	-0.76	0.59	290.43	35.97	67.81
-0.66	0.75	0.07	131.19	4.07	14.42
-0.66	0.75	0.07	131.19	4.07	14.42
-0.98	0.20	0.05	168.43	2.76	60.83
0.83	-0.54	0.15	326.93	8.44	35.77
0.25	0.97	0.05	75.53	2.70	48.49
0.48	-0.77	0.41	302.05	24.50	64.51
0.90	-0.27	0.36	343.48	20.84	15.61
-0.01	0.57	0.82	90.61	55.41	55.81
0.99	0.14	0.09	8.20	4.88	75.64
0.83	0.14	0.53	9.61	32.26	39.95
0.90	-0.08	0.44	354.89	26.01	48.63
0.18	0.61	0.77	73.90	50.52	67.53
-0.14	0.86	0.48	99.47	28.92	49.00
-0.14	0.86	0.48	99.47	28.92	49.00
0.89	0.22	0.41	13.89	24.11	64.91
-0.04	-0.92	0.38	267.26	22.63	72.08
-0.04	-0.92	0.38	267.26	22.63	72.08
-0.61	-0.13	0.78	192.05	51.50	66.19
-0.22	0.88	0.41	104.12	24.15	22.07
0.79	0.61	0.06	37.68	3.48	40.71
0.29	0.84	0.46	71.27	27.12	8.67
-0.86	0.51	0.06	149.55	3.47	32.68
0.81	-0.58	0.04	324.27	2.27	69.58
0.58	-0.49	0.65	319.81	40.25	86.16
0.62	-0.55	0.56	318.09	34.05	86.11
-0.11	-0.76	0.64	261.82	39.98	45.92
0.25	0.97	0.05	75.53	2.70	48.49
0.96	0.27	0.09	15.49	5.09	62.35
-0.29	0.30	0.91	134.06	65.11	34.94
-0.45	0.85	0.28	117.62	16.01	51.67
0.74	-0.37	0.56	333.50	34.30	75.40
0.28	0.94	0.20	73.62	11.46	67.39
0.49	0.84	0.22	59.58	12.52	49.79
-0.05	-0.86	0.50	266.36	30.30	12.92
-0.13	0.96	0.23	97.83	13.39	20.15
-0.13	0.96	0.23	97.83	13.39	20.15
-0.86	0.51	0.06	149.55	3.47	32.68
0.73	-0.66	0.18	317.90	10.65	39.15
0.94	-0.06	0.33	356.23	19.22	66.72
0.53	-0.60	0.60	311.57	37.09	72.85
0.57	0.32	0.75	29.44	48.83	62.38
-0.09	0.98	0.16	95.17	9.29	57.20
0.75	0.13	0.65	9.72	40.17	52.82
0.70	0.44	0.57	31.97	34.67	69.41
-0.33	0.70	0.64	115.11	39.44	63.93
0.98	-0.14	0.13	351.62	7.44	34.11
0.63	0.71	0.32	48.34	18.93	64.65
0.31	-0.70	0.64	294.19	39.79	71.06
-0.38	-0.44	0.81	228.90	54.52	46.61
0.61	-0.32	0.72	332.38	46.10	85.93
-0.23	-0.29	0.93	232.14	68.12	52.09
0.24	0.65	0.72	70.08	46.27	31.75
-0.97	0.18	0.17	169.39	9.84	59.89
0.36	-0.60	0.72	300.95	45.93	52.11
0.64	-0.74	0.18	310.81	10.29	73.36
0.64	-0.74	0.18	310.81	10.29	73.36
-0.70	0.46	0.55	146.81	33.07	90.44
-0.70	0.46	0.55	146.81	33.07	90.44
-0.84	-0.38	0.38	204.13	22.30	71.13
-0.71	0.54	0.45	143.05	26.73	24.18
-0.86	0.50	0.10	149.94	5.93	57.17
-0.95	-0.04	0.30	182.25	17.16	25.22
-0.54	0.76	0.36	125.67	20.97	60.10
-0.43	0.76	0.49	119.77	29.53	38.16
0.65	0.32	0.69	26.47	43.50	31.17
0.78	-0.35	0.52	336.08	31.27	49.06
-0.70	-0.18	0.69	194.27	43.44	26.20
-0.70	-0.18	0.69	194.27	43.44	26.20
0.52	-0.61	0.60	310.21	36.62	81.35
-0.19	-0.78	0.60	256.47	36.86	56.46
-0.69	0.23	0.69	161.72	43.65	57.01
-0.69	0.23	0.69	161.72	43.65	57.01
0.75	-0.53	0.39	325.07	22.96	72.34
0.77	0.32	0.56	22.39	34.01	21.44
0.76	-0.07	0.64	354.81	39.97	35.99
0.76	-0.07	0.64	354.81	39.97	35.99
-0.02	-0.85	0.52	268.65	31.27	46.31
0.72	-0.11	0.68	351.73	42.97	68.31
0.26	-0.70	0.66	290.44	41.57	51.19
0.70	0.58	0.41	39.75	24.40	65.14
-0.64	-0.62	0.45	223.66	27.00	70.75
-0.61	-0.69	0.38	228.47	22.61	80.86
0.12	0.26	0.96	64.24	73.37	70.94
-0.74	-0.67	0.07	222.31	3.86	84.90
0.79	-0.40	0.47	332.85	27.84	26.29
0.79	-0.40	0.47	332.85	27.84	26.29
-0.25	0.40	0.88	122.02	62.11	76.40
-0.98	0.16	0.07	170.98	4.23	11.59
-0.98	0.16	0.07	170.98	4.23	11.59
-0.39	-0.16	0.91	202.29	65.26	56.02
1.00	-0.02	0.05	358.89	3.10	58.18
0.48	-0.58	0.66	309.97	41.09	107.09
0.41	0.65	0.64	57.49	39.74	103.48
-0.33	-0.81	0.48	248.02	28.80	22.12
0.75	0.44	0.49	30.19	29.27	53.40
0.80	0.27	0.54	18.51	32.64	56.92
0.04	1.00	0.03	87.94	1.94	50.79
0.04	1.00	0.03	87.94	1.94	50.79
0.84	0.46	0.28	28.93	16.36	80.89
0.12	-0.97	0.23	277.35	13.06	21.96
0.96	0.22	0.17	12.82	9.67	77.16
-0.73	-0.47	0.50	213.07	30.00	48.37
0.04	-0.25	0.97	278.74	75.47	79.59
-0.49	0.64	0.59	127.27	36.01	59.49
0.08	0.34	0.94	77.37	69.56	84.44
-0.01	-0.99	0.16	269.60	9.10	49.56
-0.52	0.80	0.31	122.96	18.24	41.05
0.06	-0.51	0.86	276.93	59.29	70.93
0.06	-0.51	0.86	276.93	59.29	70.93
0.06	-0.51	0.86	276.93	59.29	70.93
0.06	-0.51	0.86	276.93	59.29	70.93
0.35	-0.66	0.66	298.15	41.41	109.16
1.00	0.08	0.02	4.59	1.03	35.64
-0.26	-0.02	0.97	185.28	74.82	66.43
0.83	0.50	0.24	31.26	13.64	49.76
0.25	0.96	0.15	75.25	8.79	25.16
-0.08	-1.00	0.05	265.20	2.63	58.66
-0.19	0.31	0.93	122.30	68.66	61.46
-0.51	0.40	0.76	141.84	49.89	54.46
0.59	0.11	0.80	10.77	53.00	77.43
0.20	0.78	0.59	75.85	36.51	74.50
0.99	-0.05	0.11	357.17	6.60	45.12
0.81	0.42	0.41	27.16	24.22	35.60
0.13	-0.26	0.96	296.86	73.00	47.30
-0.07	0.89	0.45	94.47	27.06	52.79
0.95	0.09	0.30	5.43	17.28	28.78
0.95	0.09	0.30	5.43	17.28	28.78
0.95	0.09	0.30	5.43	17.28	28.78
0.36	0.30	0.89	40.10	62.30	56.33
-0.94	-0.27	0.20	195.81	11.69	49.02
-0.26	0.62	0.74	112.79	48.10	36.88
0.19	0.52	0.83	69.61	56.14	82.79
0.82	0.20	0.53	13.53	32.06	37.22
-0.09	0.10	0.99	131.26	82.20	48.85
-0.45	-0.87	0.20	242.75	11.37	21.67
0.99	0.15	0.03	8.85	1.89	37.17
0.92	0.32	0.23	19.39	13.13	84.81
0.88	0.35	0.33	21.64	19.15	56.01
0.88	0.35	0.33	21.64	19.15	56.01
-0.43	-0.43	0.79	224.75	52.35	72.37
-0.50	-0.55	0.67	227.59	41.73	51.02
0.51	0.33	0.79	32.98	52.28	39.66
-0.48	-0.87	0.14	241.00	8.06	30.84
-0.57	-0.82	0.03	235.11	1.67	9.32
-0.57	-0.82	0.03	235.11	1.67	9.32
0.25	0.66	0.71	69.09	45.23	26.71
0.04	0.65	0.76	86.37	49.31	67.22
-0.96	-0.04	0.28	182.19	16.03	69.53
-0.13	-0.99	0.02	262.30	1.14	28.88
-0.97	0.09	0.21	174.81	12.04	73.86
-0.35	0.92	0.20	110.88	11.63	10.52
-0.35	0.92	0.20	110.88	11.63	10.52
0.40	-0.75	0.52	298.14	31.39	46.06
-0.77	-0.26	0.58	198.60	35.34	61.63
-0.49	0.24	0.84	153.54	57.19	17.99
0.62	-0.48	0.62	322.66	38.32	62.98
-0.96	-0.08	0.28	184.65	16.54	69.66
-0.26	0.93	0.25	105.80	14.22	13.03
-0.21	0.81	0.55	104.44	33.26	79.03
-0.21	0.81	0.55	104.44	33.26	79.03
0.98	0.08	0.16	4.57	8.92	36.38
-0.22	0.02	0.98	174.46	77.20	76.00
0.08	0.97	0.24	85.03	14.13	52.45
-0.47	-0.06	0.88	187.31	61.77	37.49
-0.49	-0.32	0.81	213.55	54.39	60.58
-0.42	-0.80	0.43	242.04	25.23	14.03
0.61	-0.76	0.22	308.69	12.64	25.58
0.59	0.11	0.80	10.77	53.00	77.43
0.56	-0.62	0.54	312.01	32.85	72.18
-0.62	-0.79	0.05	231.95	2.72	85.16
-0.52	-0.51	0.68	224.35	42.93	63.52
0.29	-0.71	0.65	292.34	40.30	57.37
0.04	0.65	0.76	86.37	49.31	67.22
0.04	0.65	0.76	86.37	49.31	67.22
0.05	-0.76	0.65	273.43	40.40	56.29
-0.45	0.03	0.89	176.39	63.39	77.55
0.79	0.59	0.17	36.84	9.85	17.21
-0.65	-0.70	0.29	226.83	16.99	50.60
0.10	-0.66	0.75	278.33	48.31	96.13
0.10	-0.66	0.75	278.33	48.31	96.13
-0.61	-0.67	0.43	227.51	25.57	66.80
-0.97	0.24	0.11	166.18	6.04	44.52
-0.97	0.24	0.11	166.18	6.04	44.52
-0.12	-0.94	0.32	262.81	18.90	49.68
0.66	-0.49	0.57	323.62	34.78	71.84
0.16	-0.81	0.56	280.93	34.29	65.30
-0.71	0.23	0.66	162.01	41.34	33.65
-0.87	0.29	0.40	161.75	23.80	17.20
0.05	-0.69	0.72	274.27	46.10	108.33
-0.26	-0.12	0.96	204.87	73.24	56.78
-0.58	-0.76	0.31	232.82	17.82	48.48
0.45	-0.74	0.49	301.38	29.56	78.94
-0.58	-0.12	0.81	191.67	54.00	39.89
0.60	0.60	0.53	45.39	32.00	77.05
0.81	0.38	0.46	24.99	27.35	55.87
0.23	0.43	0.88	62.13	61.07	84.57
-0.03	-0.84	0.54	267.75	33.01	19.15
0.80	-0.41	0.44	332.87	26.36	78.14
0.96	0.23	0.14	13.38	8.25	22.70
0.23	0.01	0.97	2.20	76.62	53.35
0.23	0.01	0.97	2.20	76.62	53.35
-0.93	0.30	0.21	162.32	11.89	49.29
-0.52	0.80	0.31	122.96	18.24	41.05
0.38	-0.36	0.85	316.57	58.10	31.94
-0.86	-0.50	0.14	210.04	8.27	45.59
0.53	0.45	0.72	40.11	46.07	52.50
0.36	0.16	0.92	24.50	66.63	39.85
-0.31	-0.85	0.43	249.74	25.37	10.14
0.23	-0.94	0.24	283.49	13.64	28.27
0.48	-0.81	0.34	300.81	20.17	23.27
-0.97	0.09	0.24	174.94	13.67	59.75
-0.02	-0.76	0.64	268.29	40.16	65.62
0.56	-0.03	0.83	357.04	55.63	77.42
-0.07	-1.00	0.00	265.94	0.20	54.74
0.31	-0.12	0.94	338.38	70.76	53.46
-0.10	-0.66	0.75	261.20	48.43	60.91
-0.50	0.63	0.60	128.38	36.62	71.32
-0.81	0.33	0.48	157.79	28.74	40.64
-0.57	-0.82	0.03	235.11	1.67	9.32
-0.27	-0.96	0.02	254.36	1.12	43.50
-0.27	-0.96	0.02	254.36	1.12	43.50
-0.45	-0.89	0.03	243.18	1.97	57.86
0.25	0.35	0.90	54.54	64.44	83.66
0.13	0.96	0.26	82.35	14.83	32.74
0.98	-0.15	0.10	351.57	5.54	25.50
0.83	0.40	0.39	25.91	23.05	26.29
0.74	-0.10	0.67	352.02	41.91	50.44
0.96	0.18	0.20	10.37	11.36	49.01
0.06	0.62	0.78	84.81	51.26	45.73
0.53	0.36	0.77	34.60	50.12	44.89
0.29	0.81	0.50	70.24	30.27	8.84
-0.27	0.32	0.91	130.51	65.45	35.92
-0.68	-0.01	0.73	180.65	47.01	43.38
-0.41	-0.07	0.91	190.18	65.65	28.68
0.47	0.72	0.51	56.49	30.83	52.47
-0.13	0.10	0.99	142.95	80.47	38.31
-0.80	0.53	0.29	146.35	16.60	47.34
-0.66	0.66	0.35	134.95	20.67	47.93
-0.99	-0.08	0.12	184.45	6.63	68.59
0.88	0.18	0.44	11.30	26.25	40.61
0.50	0.64	0.59	52.12	35.98	70.81
-0.06	-0.72	0.70	265.32	44.14	100.95
0.35	-0.56	0.75	301.71	48.83	74.43
-0.36	0.84	0.41	113.46	23.89	61.65
-0.92	0.38	0.11	157.71	6.29	57.51
0.18	0.51	0.84	70.75	57.26	43.38
-0.41	-0.47	0.78	228.41	51.36	99.64
-0.37	-0.52	0.77	234.48	50.28	112.16
-0.87	0.05	0.49	176.93	29.31	15.75
0.31	0.57	0.76	60.97	49.65	14.52
0.63	0.77	0.11	50.51	6.26	88.78
0.26	0.81	0.53	72.51	31.82	78.98
-0.64	-0.26	0.73	201.77	46.47	38.60
0.14	-0.98	0.12	278.22	6.67	39.36
0.03	0.87	0.50	87.93	29.81	56.57
0.85	0.21	0.48	13.63	28.90	32.96
-0.38	-0.87	0.31	246.23	18.06	45.92
0.59	0.16	0.79	14.97	52.11	56.50
0.99	-0.13	0.10	352.30	5.72	29.38
0.99	-0.13	0.10	352.30	5.72	29.38
0.50	-0.57	0.65	311.20	40.68	54.49
0.22	-0.67	0.71	288.38	45.46	54.35
-0.38	-0.29	0.88	217.14	61.25	23.67
0.20	-0.95	0.24	281.95	14.04	52.17
-0.25	-0.95	0.17	255.49	9.80	67.53
-0.79	-0.01	0.62	180.53	38.06	74.61
-0.03	0.80	0.60	92.50	36.74	65.97
-0.07	0.86	0.50	94.95	29.92	53.28
0.69	0.59	0.42	40.31	24.61	30.02
-0.76	-0.46	0.46	211.09	27.34	46.92
-0.72	-0.45	0.53	212.19	32.19	10.15
-0.92	0.21	0.32	167.06	18.76	56.32
0.89	0.05	0.45	3.24	26.57	66.91
0.36	0.86	0.36	67.03	21.24	96.38
-0.82	0.28	0.50	161.15	29.69	12.15
-0.53	-0.78	0.33	235.85	19.46	11.26
0.48	0.11	0.87	12.89	60.65	77.47
0.90	-0.18	0.40	348.65	23.41	47.05
0.90	-0.18	0.40	348.65	23.41	47.05
0.49	0.08	0.87	9.79	60.06	72.52
-0.97	0.08	0.22	175.31	12.91	62.62
-0.72	-0.02	0.70	181.56	44.08	45.32
-0.09	-0.21	0.97	246.90	77.06	15.60
0.51	-0.83	0.21	301.43	12.31	60.87
-0.33	-0.45	0.83	233.36	55.86	39.57
0.72	0.26	0.64	19.39	39.78	60.13
-0.47	0.72	0.51	123.45	30.59	29.81
0.62	-0.75	0.24	309.84	13.86	57.65
0.77	0.23	0.59	16.33	36.24	11.61
-0.98	-0.14	0.14	188.04	8.12	37.04
1.00	-0.08	0.03	355.44	1.72	30.57
-0.66	-0.31	0.69	205.10	43.24	63.11
-0.34	0.79	0.51	113.68	30.86	24.51
-0.24	0.97	0.04	104.07	2.55	26.07
-0.33	-0.56	0.76	239.86	49.53	50.33
-0.18	-0.23	0.96	231.90	73.11	69.95
-0.46	0.04	0.89	175.21	62.49	70.67
0.95	-0.28	0.14	343.78	7.99	60.07
-0.03	0.23	0.97	97.14	76.47	28.20
0.38	0.56	0.74	55.58	47.54	48.41
0.75	-0.41	0.52	331.55	31.06	37.32
-0.66	-0.62	0.41	223.16	24.39	38.55
-0.70	-0.53	0.47	217.19	28.25	85.04
0.57	-0.72	0.39	308.55	23.08	68.23
0.69	0.55	0.47	38.85	27.90	75.70
0.57	0.44	0.69	37.86	43.60	73.29
-0.52	0.29	0.80	150.99	53.24	29.94
-0.44	-0.25	0.86	209.80	59.44	25.10
-0.10	0.96	0.26	96.03	15.14	15.77
0.64	0.68	0.37	46.74	21.77	85.73
0.45	0.47	0.75	46.13	49.02	36.73
0.56	-0.45	0.70	321.28	44.38	54.27
0.94	0.25	0.24	14.82	13.91	51.31
-0.63	-0.14	0.76	192.60	49.49	28.47
-0.01	-0.31	0.95	267.53	71.63	25.79
0.86	0.49	0.15	29.38	8.55	30.55
-0.98	-0.14	0.14	188.04	8.12	37.04
0.09	0.71	0.70	83.07	44.71	61.31
0.66	-0.46	0.59	325.44	36.21	58.41
0.55	-0.56	0.61	314.42	37.79	50.11
0.60	-0.71	0.38	310.24	22.40	53.76
0.24	0.23	0.94	43.79	70.71	82.61
-0.20	0.37	0.91	118.12	65.43	44.09
-0.43	-0.21	0.88	205.88	61.57	50.39
-0.61	0.79	0.09	127.94	5.21	18.87
-0.68	0.40	0.61	149.41	37.72	24.74
-0.26	-0.13	0.96	205.79	73.06	36.39
0.59	0.10	0.80	10.03	53.17	39.99
-0.16	-0.93	0.33	260.53	19.07	34.90
0.72	-0.52	0.46	324.48	27.26	31.30
-0.38	0.21	0.90	151.55	64.17	62.48
-0.50	-0.79	0.36	237.29	20.99	41.67
-0.67	0.60	0.44	137.99	26.19	27.67
0.37	0.76	0.54	63.85	32.38	85.38
0.88	0.46	0.12	27.64	7.03	28.84
0.08	-0.84	0.53	275.50	32.09	53.84
-0.77	-0.19	0.62	193.82	37.99	49.89
0.20	-0.08	0.98	338.23	77.59	70.58
-0.81	-0.20	0.55	193.72	33.43	41.99
-0.53	-0.71	0.46	232.90	27.57	46.80
-0.67	0.39	0.63	149.90	39.01	55.88
0.20	-0.83	0.51	283.54	30.89	61.47
-0.98	0.07	0.18	175.66	10.29	34.84
-0.01	0.40	0.92	91.63	66.64	40.42
-0.45	0.27	0.85	148.56	58.24	89.65
-0.57	0.12	0.81	168.13	54.03	58.09
-0.75	0.66	0.02	139.00	1.29	47.22
-0.54	0.64	0.56	130.20	33.75	65.60
0.38	0.36	0.85	43.92	58.57	69.02
-0.75	-0.42	0.51	209.10	30.58	16.06
0.93	-0.11	0.34	353.34	20.02	42.44
0.21	-0.66	0.72	287.31	46.10	41.76
-0.80	0.38	0.46	154.42	27.58	76.65
-0.95	-0.16	0.26	189.70	15.09	63.86
-0.29	0.46	0.84	122.48	57.08	83.96
-0.83	0.27	0.48	161.75	28.73	60.70
-0.03	-0.27	0.96	264.17	74.33	46.82
0.39	-0.76	0.51	297.28	30.76	25.46
0.04	-0.78	0.62	272.73	38.64	17.89
0.30	-0.95	0.03	287.53	1.76	45.14
0.31	-0.92	0.23	288.38	13.08	60.01
0.08	-0.83	0.56	275.67	33.87	52.17
0.58	0.11	0.81	10.39	53.64	40.44
-0.94	0.27	0.23	164.09	13.21	68.49
0.06	0.88	0.48	85.97	28.51	70.41
0.06	0.88	0.48	85.97	28.51	70.41
-0.52	-0.82	0.25	237.73	14.56	35.68
0.14	0.10	0.99	34.88	80.10	76.75
-0.29	0.46	0.84	121.75	56.85	56.33
0.44	0.72	0.53	58.45	32.16	41.96
-0.24	0.52	0.82	115.28	55.04	59.37
0.12	0.95	0.30	82.77	17.30	79.32
-0.25	0.26	0.93	134.61	68.96	50.73
-0.25	0.26	0.93	134.61	68.96	50.73
-0.74	0.68	0.04	137.38	2.07	27.35
-0.95	0.20	0.22	167.87	12.87	60.01
-0.58	0.78	0.24	126.53	13.69	66.47
-0.58	0.78	0.24	126.53	13.69	66.47
0.22	-0.66	0.72	288.67	45.87	54.75
-0.82	-0.19	0.54	193.11	32.85	37.12
0.64	-0.61	0.48	316.33	28.59	67.84
0.19	-0.31	0.93	301.73	68.98	79.18
0.33	-0.58	0.75	299.37	48.21	49.13
-0.58	0.78	0.22	126.51	12.61	68.18
0.58	-0.08	0.81	352.48	54.06	74.31
0.75	-0.41	0.53	331.29	31.75	9.04
0.36	0.90	0.25	68.31	14.34	26.91
-0.21	-0.30	0.93	235.34	68.50	69.95
0.95	0.21	0.24	12.21	13.60	37.27
0.63	0.37	0.68	30.18	42.85	47.25
0.63	0.37	0.68	30.18	42.85	47.25
-0.41	0.77	0.49	118.37	29.23	59.33
0.36	0.90	0.25	68.31	14.34	26.91
-0.44	-0.87	0.24	243.35	13.59	48.58
-0.60	-0.18	0.78	196.98	50.87	60.43
-0.99	-0.09	0.06	184.99	3.65	66.74
0.77	0.37	0.52	25.66	31.65	18.79
-0.30	0.89	0.35	108.86	20.29	56.25
-0.19	-0.98	0.10	259.23	5.61	34.89
0.90	-0.34	0.28	339.07	16.01	65.25
-0.11	-0.53	0.84	258.83	57.15	64.44
-0.90	0.20	0.39	167.42	23.13	32.55
-0.90	-0.25	0.35	195.77	20.59	87.84
-0.36	-0.91	0.21	248.26	11.85	65.68
-0.58	-0.74	0.35	232.11	20.30	66.65
-0.87	-0.41	0.25	205.34	14.76	40.05
-0.14	0.92	0.37	98.43	21.56	47.08
-0.25	-0.93	0.26	255.14	14.78	55.17
0.73	0.42	0.54	29.99	32.58	101.07
-0.68	-0.62	0.40	222.33	23.29	91.85
-0.54	-0.75	0.39	234.16	23.08	98.77
0.83	0.52	0.22	31.99	12.69	59.58
0.66	0.48	0.57	35.95	35.02	20.03
-0.37	0.71	0.61	117.47	37.27	3.35
-0.59	-0.31	0.75	207.47	48.58	62.80
-0.44	0.09	0.89	168.92	63.28	17.15
-0.22	0.98	0.03	102.70	1.78	42.72
-0.75	0.14	0.64	169.32	40.05	94.20
-0.87	-0.05	0.49	183.00	29.16	65.70
-0.31	0.82	0.48	110.96	28.93	51.40
0.07	-0.81	0.58	274.82	35.71	51.35
0.49	0.35	0.80	35.44	52.99	53.47
0.49	0.35	0.80	35.44	52.99	53.47
-0.93	-0.11	0.36	187.01	20.86	41.46
0.57	-0.56	0.61	315.29	37.26	80.35
0.57	-0.56	0.61	315.29	37.26	80.35
0.78	0.62	0.09	38.77	5.20	74.73
0.18	-0.98	0.04	280.49	2.45	82.55
0.08	0.75	0.66	83.65	41.17	57.90
-0.11	0.92	0.38	96.97	22.43	17.60
0.13	0.66	0.74	79.13	47.67	49.94
0.23	0.84	0.49	74.77	29.14	40.56
-0.36	0.42	0.83	130.54	56.23	72.01
-0.66	0.03	0.75	177.64	48.58	81.93
0.57	-0.73	0.38	308.13	22.22	82.83
-0.51	0.07	0.86	171.82	59.03	1.68
-0.23	0.02	0.97	174.05	76.83	70.44
0.78	-0.62	0.11	321.57	6.58	57.14
0.76	-0.63	0.14	320.40	7.76	56.59
0.72	-0.69	0.10	316.49	5.71	61.56
-0.72	-0.50	0.48	214.92	29.00	51.96
-0.27	-0.84	0.47	252.44	28.13	47.91
-0.70	0.65	0.30	137.46	17.31	99.27
-0.37	0.81	0.46	114.93	27.41	6.59
-0.15	0.88	0.45	99.72	26.99	36.06
0.46	0.11	0.88	14.02	61.96	53.43
0.40	-0.80	0.45	296.58	26.78	51.83
0.65	0.13	0.75	11.31	48.17	42.05
0.93	0.22	0.30	13.30	17.65	24.62
-0.97	0.13	0.21	172.23	12.19	63.94
0.12	0.99	0.11	82.84	6.28	86.81
-0.04	0.20	0.98	100.23	78.04	76.41
-0.60	0.52	0.61	139.05	37.66	93.18
0.89	0.26	0.38	16.33	22.59	31.48
0.59	-0.66	0.46	311.82	27.60	62.30
0.66	-0.75	0.07	311.57	3.86	104.20
-0.41	-0.70	0.58	239.90	35.49	8.67
-0.77	0.29	0.56	159.47	34.19	79.74
0.54	-0.07	0.84	352.40	57.28	21.50
-0.41	-0.70	0.58	239.90	35.49	8.67
0.74	-0.67	0.05	318.24	3.12	80.06
0.23	0.65	0.73	70.65	46.86	106.78
-0.27	0.68	0.68	111.86	42.80	46.32
0.53	0.82	0.21	56.89	12.03	72.14
-0.50	-0.22	0.84	203.29	56.98	36.70
-0.26	-0.97	0.00	255.09	0.23	58.06
-0.13	-0.80	0.59	260.77	35.92	35.27
0.35	-0.06	0.93	350.14	69.16	61.16
0.26	-0.91	0.32	285.71	18.96	41.39
0.93	0.34	0.13	20.27	7.41	20.97
0.93	0.34	0.13	20.27	7.41	20.97
-0.16	-0.63	0.76	255.56	49.37	56.87
-0.71	0.70	0.09	135.73	5.08	71.24
-0.36	0.73	0.58	116.15	35.73	32.53
-0.97	0.11	0.21	173.42	12.32	9.28
0.06	0.66	0.75	84.70	48.86	83.51
-0.49	0.87	0.08	119.20	4.72	25.89
0.75	-0.15	0.64	348.68	40.05	87.05
0.75	-0.15	0.64	348.68	40.05	87.05
0.20	0.45	0.87	66.22	60.24	66.17
0.69	0.20	0.70	16.50	44.40	23.39
0.54	0.10	0.83	10.33	56.56	76.03
0.39	0.92	0.01	67.00	0.36	71.40
0.74	-0.19	0.64	345.48	39.87	91.79
0.74	-0.19	0.64	345.48	39.87	91.79
-0.52	0.79	0.32	123.10	18.49	12.61
-0.56	0.64	0.53	131.44	31.93	51.01
0.35	0.82	0.46	66.56	27.20	94.58
-0.48	0.86	0.16	119.38	9.47	38.24
0.24	-0.97	0.11	283.73	6.20	24.55
0.18	-0.98	0.00	280.51	0.28	58.13
-0.99	-0.08	0.09	184.71	4.98	60.90
-0.99	-0.08	0.09	184.71	4.98	60.90
-0.23	-0.89	0.39	255.81	22.73	67.99
-0.12	-0.42	0.90	253.39	64.23	72.46
-0.48	0.62	0.62	127.96	37.99	46.00
-0.79	-0.33	0.52	202.59	31.12	32.57
0.41	0.06	0.91	7.93	65.73	52.76
-0.16	0.20	0.97	129.98	75.18	11.07
0.24	0.26	0.93	48.04	69.15	71.91
0.74	-0.56	0.37	322.60	21.75	77.76
0.03	0.54	0.84	86.88	57.38	15.55
-0.23	-0.49	0.84	245.39	57.26	39.29
0.69	-0.59	0.43	319.32	25.21	77.83
0.81	0.38	0.44	25.15	25.91	35.38
0.95	0.26	0.18	15.02	10.12	32.95
0.01	0.21	0.98	85.96	78.10	58.32
0.34	0.08	0.94	12.94	69.69	70.58
0.69	0.25	0.68	19.83	42.94	44.45
-0.67	-0.66	0.34	224.58	19.98	71.15
0.04	-0.37	0.93	275.83	68.03	41.21
0.95	0.28	0.15	16.74	8.50	53.85
-0.93	0.36	0.09	158.85	5.15	46.58
0.50	0.75	0.42	56.37	24.97	30.48
-0.59	0.52	0.62	138.24	38.22	68.58
0.38	-0.15	0.91	337.87	65.81	29.50
0.59	0.51	0.62	40.75	38.28	20.35
-0.77	0.27	0.58	160.93	35.69	65.00
0.84	-0.43	0.33	333.08	19.56	78.55
-0.61	-0.35	0.71	209.48	45.18	12.68
-0.62	-0.56	0.55	222.38	33.45	66.48
0.98	0.07	0.16	4.21	9.38	28.82
0.56	0.03	0.83	3.30	55.73	40.62
-0.44	0.61	0.66	125.83	41.32	62.20
0.75	-0.57	0.32	322.67	18.67	32.87
-0.21	0.38	0.90	119.13	63.92	47.00
0.99	-0.03	0.10	358.21	5.63	40.11
-0.27	0.35	0.90	126.95	63.80	65.55
-0.27	0.35	0.90	126.95	63.80	65.55
-0.33	-0.82	0.48	248.24	28.58	69.60
-0.30	0.78	0.54	110.85	33.01	25.40
-0.67	0.36	0.65	151.93	40.42	25.39
0.39	-0.75	0.53	297.40	31.89	51.97
0.77	0.29	0.57	20.99	34.68	55.21
0.79	0.59	0.16	36.88	9.21	12.82
-0.99	0.10	0.08	174.41	4.56	55.87
0.92	-0.14	0.36	351.62	21.38	40.66
0.56	-0.48	0.68	319.27	42.83	68.64
0.23	-0.16	0.96	324.48	73.92	22.33
0.81	-0.52	0.28	327.46	16.48	54.94
0.10	0.49	0.87	78.41	59.88	44.53
0.31	0.50	0.81	57.70	54.08	52.17
-0.11	0.19	0.98	119.90	77.62	37.71
-0.30	0.61	0.74	116.51	47.41	20.67
-0.80	0.36	0.49	155.71	29.04	66.12
-0.76	-0.09	0.65	186.44	40.50	48.46
-0.76	0.65	0.08	139.50	4.61	28.80
-0.07	0.98	0.19	93.91	11.22	55.67
-0.01	-0.33	0.94	269.11	70.68	50.09
0.20	-0.71	0.68	285.90	42.68	60.60
-0.79	0.32	0.53	157.70	31.93	17.38
-0.99	0.15	0.06	171.44	3.69	42.35
0.68	-0.73	0.06	312.86	3.70	34.85
0.30	0.41	0.86	53.62	59.63	58.92
0.02	-0.46	0.89	272.97	62.27	64.45
0.47	-0.13	0.87	344.73	61.01	78.97
-0.61	0.75	0.26	129.37	14.92	5.58
-0.10	-0.56	0.82	259.62	54.97	39.74
0.11	-0.83	0.55	277.84	33.12	68.42
-0.96	-0.21	0.16	192.41	9.06	70.38
0.08	-0.99	0.08	274.59	4.36	68.32
0.61	-0.70	0.36	311.27	21.30	93.30
0.61	-0.70	0.36	311.27	21.30	93.30
-0.75	0.44	0.49	149.61	29.37	22.35
0.71	-0.65	0.26	317.51	15.04	61.67
-0.51	-0.35	0.79	214.20	52.09	49.69
-0.55	0.48	0.68	138.66	43.21	61.59
0.47	-0.79	0.39	300.48	23.13	82.02
-0.88	0.33	0.34	159.16	19.70	86.02
0.84	-0.53	0.10	327.78	5.53	23.26
-0.99	0.15	0.06	171.44	3.69	42.35
0.86	-0.48	0.15	330.88	8.57	25.90
-0.40	-0.90	0.18	245.79	10.54	69.82
0.26	-0.86	0.43	286.67	25.48	47.26
0.79	-0.06	0.61	355.37	37.78	42.46
-0.66	-0.75	0.02	228.44	1.02	69.82
-0.09	0.97	0.20	95.16	11.81	71.95
-0.07	0.32	0.94	101.78	70.69	75.06
-0.41	-0.10	0.90	194.01	64.79	66.05
0.97	0.21	0.08	12.40	4.41	52.30
0.73	-0.66	0.17	317.82	9.96	75.59
0.63	0.72	0.30	48.78	17.57	53.39
-0.97	0.21	0.07	167.67	3.91	42.18
0.68	-0.69	0.25	314.62	14.36	81.69
-0.58	-0.77	0.27	232.93	15.45	55.25
-0.57	0.23	0.79	158.30	52.12	50.67
-0.78	0.17	0.60	167.49	36.54	23.74
0.31	-0.64	0.70	295.73	44.77	42.86
0.02	-0.67	0.74	271.87	47.85	89.96
0.64	-0.75	0.15	310.26	8.74	62.60
0.51	-0.24	0.82	334.52	55.31	34.33
0.08	0.75	0.65	84.26	40.87	54.30
0.08	0.75	0.65	84.26	40.87	54.30
0.07	-0.68	0.73	275.83	46.91	25.53
0.14	0.20	0.97	55.41	75.66	22.64
-0.26	0.61	0.75	113.41	48.31	79.33
-0.12	-0.19	0.97	237.81	76.73	75.74
0.89	0.17	0.42	10.89	25.05	82.40
-0.94	0.34	0.02	159.93	1.37	48.51
0.73	0.29	0.62	21.80	38.18	64.90
0.06	-0.87	0.49	273.69	29.17	18.86
0.41	0.56	0.72	53.68	45.77	59.62
0.33	0.93	0.19	70.58	11.05	72.40
-0.40	0.47	0.79	130.37	51.77	69.19
0.70	0.00	0.72	0.35	45.78	71.57
-0.27	-0.32	0.91	229.95	65.66	70.47
-0.36	0.74	0.57	115.94	35.06	60.80
0.11	0.20	0.97	60.60	76.80	50.48
0.95	0.01	0.32	0.69	18.70	24.16
-0.80	0.34	0.49	156.86	29.13	61.74
-0.05	0.31	0.95	99.86	71.73	57.29
0.53	-0.81	0.24	303.03	13.91	75.87
-0.31	-0.22	0.92	215.43	67.62	81.05
-0.98	0.08	0.16	175.57	9.32	84.30
-0.98	0.08	0.16	175.57	9.32	84.30
0.95	-0.28	0.14	343.41	8.00	70.61
-0.95	-0.32	0.06	198.43	3.63	68.23
-0.82	-0.00	0.57	180.09	35.04	18.95
-0.01	-0.83	0.56	269.43	34.31	44.80
-0.34	0.20	0.92	150.28	66.66	58.22
0.48	-0.64	0.60	306.93	37.18	87.42
0.03	-0.71	0.71	272.33	44.89	58.85
0.22	-0.44	0.87	296.64	60.55	58.11
0.92	-0.22	0.34	346.79	19.74	78.53
-0.28	-0.08	0.96	195.09	73.21	49.14
0.79	0.12	0.60	8.80	37.21	38.90
0.18	0.23	0.96	51.74	72.98	71.99
0.71	-0.30	0.64	337.23	39.85	70.32
0.71	-0.30	0.64	337.23	39.85	70.32
-1.00	-0.03	0.09	181.54	5.02	74.77
0.17	-0.38	0.91	294.10	65.45	16.73
0.43	-0.06	0.90	351.82	64.05	32.83
-1.00	-0.05	0.00	182.62	0.26	63.82
0.55	-0.51	0.66	317.56	41.54	50.82
0.51	0.61	0.61	50.11	37.40	41.32
0.34	0.55	0.77	58.46	50.00	60.66
-0.94	-0.26	0.20	195.54	11.59	46.60
0.86	0.20	0.46	13.36	27.69	32.02
-0.54	-0.44	0.71	219.25	45.40	22.10
-0.34	0.20	0.92	150.28	66.66	58.22
-0.88	0.47	0.04	151.80	2.23	68.48
0.48	-0.75	0.45	302.82	26.86	54.07
-0.87	-0.19	0.46	192.39	27.13	77.30
-0.85	-0.18	0.50	191.73	29.97	95.83
0.00	0.87	0.49	89.74	29.30	91.59
-0.43	0.52	0.74	129.36	47.31	66.29
0.89	0.46	0.03	27.23	1.85	8.37
0.48	-0.87	0.13	299.23	7.57	33.54
0.34	-0.79	0.51	293.32	30.86	53.82
0.79	0.60	0.14	36.99	8.00	83.67
0.67	0.22	0.71	18.33	44.95	97.42
0.97	0.24	0.08	13.94	4.47	23.14
-0.34	0.80	0.49	112.86	29.29	51.78
0.06	-0.94	0.35	273.61	20.27	40.09
-0.81	0.55	0.20	145.67	11.46	52.20
0.63	-0.77	0.08	309.13	4.38	32.10
0.41	-0.89	0.18	294.70	10.62	47.81
-0.25	0.83	0.51	106.84	30.36	65.39
0.69	-0.69	0.20	315.13	11.37	31.20
0.50	0.09	0.86	10.58	59.39	67.71
0.77	-0.63	0.00	320.71	0.06	45.88
0.50	-0.80	0.34	301.86	20.09	51.85
0.33	-0.69	0.65	295.27	40.38	20.44
0.33	-0.69	0.65	295.27	40.38	20.44
-0.09	0.53	0.84	100.12	57.28	52.23
-0.95	0.11	0.30	173.14	17.21	38.15
0.35	0.67	0.65	62.46	40.77	56.66
-0.97	0.20	0.14	168.06	8.17	40.80
-0.83	0.56	0.02	145.87	1.39	81.45
-0.09	0.58	0.81	98.43	54.06	13.33
0.78	0.56	0.29	35.76	16.64	89.56
-0.45	0.12	0.89	165.17	62.25	46.77
0.46	-0.84	0.31	298.61	17.85	62.25
-0.08	-0.65	0.75	262.75	48.73	50.39
0.42	0.88	0.21	64.69	11.95	34.96
-0.26	0.97	0.00	105.18	0.12	26.89
-0.21	-0.73	0.64	253.69	40.16	39.40
-0.92	-0.17	0.37	190.33	21.42	91.47
-0.92	-0.17	0.37	190.33	21.42	91.47
-0.92	-0.17	0.37	190.33	21.42	91.47
-0.10	-0.20	0.98	243.34	77.21	45.90
0.39	-0.92	0.04	293.18	2.36	35.95
0.48	-0.54	0.69	311.90	43.72	76.86
-0.33	0.85	0.42	111.06	24.87	53.64
-0.06	-0.95	0.30	266.58	17.55	14.48
-0.20	0.90	0.38	102.60	22.36	31.08
0.07	-0.61	0.79	276.71	52.36	72.82
-0.13	-0.52	0.85	256.43	57.68	39.49
-0.13	-0.52	0.85	256.43	57.68	39.49
-0.38	-0.76	0.52	243.19	31.55	43.83
-0.49	0.66	0.57	126.40	34.73	81.75
0.15	0.21	0.97	53.54	74.90	45.66
-0.17	0.98	0.12	99.85	7.13	41.32
-0.99	-0.13	0.00	187.33	0.27	79.82
-0.99	-0.13	0.00	187.33	0.27	79.82
0.40	0.82	0.41	64.31	24.30	60.71
0.29	0.94	0.20	72.86	11.73	81.38
0.03	-1.00	0.09	271.83	5.21	78.87
0.77	0.41	0.49	27.77	29.61	68.48
0.77	0.41	0.49	27.77	29.61	68.48
0.50	-0.74	0.45	304.08	26.76	74.44
0.50	-0.74	0.45	304.08	26.76	74.44
0.46	0.71	0.53	57.32	32.20	59.18
-0.58	-0.81	0.02	234.30	0.96	84.44
0.14	-0.82	0.55	279.34	33.68	23.09
-0.13	-0.86	0.50	261.45	29.95	53.28
0.74	-0.54	0.39	324.15	23.22	58.24
-0.40	-0.85	0.35	244.80	20.50	75.04
0.11	-0.84	0.54	277.25	32.43	43.38
-0.08	0.98	0.16	94.74	9.11	80.87
-0.67	0.74	0.06	132.09	3.40	9.74
-0.01	-0.77	0.64	269.12	40.04	54.83
-0.93	-0.31	0.21	198.42	12.04	91.28
-0.87	0.34	0.35	158.82	20.55	77.20
0.79	0.47	0.40	30.87	23.60	77.32
-1.00	0.06	0.04	176.80	2.56	4.79
-0.24	0.97	0.09	104.07	5.19	7.17
-0.09	-0.99	0.14	264.85	7.90	20.21
-0.93	-0.12	0.36	187.59	21.05	84.45
0.09	0.77	0.63	83.61	39.13	50.22
0.97	0.24	0.02	14.12	0.90	15.92
0.00	-0.69	0.72	270.20	46.20	50.22
0.40	-0.82	0.41	296.36	24.40	91.94
0.37	-0.89	0.27	292.36	15.66	38.96
0.41	-0.65	0.63	302.18	39.39	44.67
-0.93	-0.32	0.15	199.15	8.84	8.24
0.14	-0.62	0.77	282.97	50.72	48.07
0.64	-0.49	0.59	322.74	36.48	10.59
0.41	0.15	0.90	20.44	64.03	59.70
-0.36	-0.92	0.12	248.48	6.87	77.89
0.99	0.00	0.11	0.16	6.42	20.93
-0.55	-0.80	0.24	235.70	13.67	87.11
-0.55	-0.80	0.24	235.70	13.67	87.11
0.31	-0.55	0.78	299.66	51.01	35.25
0.05	-0.01	1.00	350.01	86.99	44.97
-0.47	0.32	0.82	145.68	55.00	34.26
0.04	-0.99	0.16	272.22	9.01	56.50
-0.96	-0.22	0.17	193.01	9.56	76.00
0.36	-0.92	0.16	291.24	9.35	7.87
-0.59	-0.75	0.29	231.92	16.86	82.74
0.43	-0.78	0.45	298.95	26.86	111.69
0.31	-0.55	0.78	299.66	51.01	35.25
-0.41	-0.56	0.72	233.96	45.80	42.92
-0.24	0.76	0.60	107.38	36.94	62.59
0.78	0.09	0.62	6.56	38.08	79.37
-0.53	0.20	0.82	159.15	55.43	13.20
-0.47	0.88	0.06	117.82	3.18	40.35
-0.21	0.84	0.50	104.00	29.92	101.24
-0.47	0.69	0.55	123.97	33.28	55.63
-0.08	-0.65	0.75	262.75	48.73	50.39
0.64	-0.75	0.17	310.70	10.01	17.15
0.42	-0.49	0.76	310.01	49.76	27.35
-0.39	0.31	0.87	141.66	60.02	28.80
-0.92	-0.25	0.29	195.08	17.15	84.50
0.50	0.09	0.86	10.58	59.39	67.71
-0.12	-0.84	0.52	261.99	31.62	35.12
-0.71	0.37	0.59	152.46	36.44	20.37
0.88	-0.45	0.15	333.21	8.76	11.50
-0.02	-0.84	0.54	268.81	32.72	45.10
0.35	-0.93	0.15	290.65	8.36	78.78
0.81	-0.35	0.47	336.78	28.07	27.70
0.64	0.71	0.29	47.96	16.95	92.80
0.83	-0.53	0.20	327.43	11.44	6.67
0.50	-0.85	0.18	300.54	10.21	10.92
0.56	-0.19	0.81	341.21	53.84	86.69
0.73	-0.06	0.68	355.26	42.85	72.62
0.24	-0.86	0.46	285.41	27.49	106.14
-0.09	-0.79	0.61	263.33	37.62	74.16
0.97	-0.17	0.14	350.00	8.26	28.35
0.82	0.39	0.41	25.50	23.96	22.71
-0.76	0.40	0.52	152.44	31.35	57.36
0.32	0.64	0.70	63.12	44.45	66.76
0.33	0.50	0.80	56.70	52.89	7.49
0.83	0.02	0.56	1.16	34.25	8.22
-0.89	-0.19	0.42	191.96	25.04	59.07
-0.38	-0.84	0.38	245.71	22.20	68.57
0.80	0.38	0.46	25.14	27.57	90.33
0.78	0.61	0.15	37.73	8.61	83.21
0.15	0.32	0.94	64.76	69.46	14.42
0.55	0.82	0.16	56.15	9.45	50.81
-0.52	-0.83	0.19	237.80	11.22	78.49
0.14	0.90	0.41	81.49	23.98	62.34
0.59	-0.49	0.64	320.20	40.06	60.55
0.68	0.04	0.73	3.36	47.01	19.98
0.45	-0.78	0.43	300.02	25.47	51.25
0.30	0.17	0.94	29.35	69.94	55.93
-0.17	-0.97	0.14	259.83	7.97	72.26
0.86	0.50	0.06	30.03	3.24	86.32
-0.44	-0.52	0.73	229.56	47.01	92.87
-0.21	0.48	0.85	113.58	58.13	77.46
-0.40	-0.45	0.79	228.23	52.59	93.46
-0.49	-0.46	0.74	223.27	47.52	104.10
-0.29	-0.47	0.83	237.98	56.54	97.40
0.15	-0.77	0.62	281.31	38.01	83.03
-0.81	0.50	0.30	148.16	17.63	20.69
-0.22	0.55	0.81	111.38	53.77	71.17
-0.98	0.07	0.20	175.95	11.72	56.20
-0.98	0.07	0.20	175.95	11.72	56.20
-0.39	0.19	0.90	153.80	64.00	22.11
0.62	-0.79	0.02	308.21	1.12	26.70
0.17	-0.92	0.36	280.57	21.03	38.77
-0.19	-0.73	0.66	255.66	41.55	45.89
0.21	-0.78	0.59	284.78	36.45	62.73
-0.08	0.99	0.14	94.53	8.14	54.12
-0.89	-0.32	0.33	199.87	19.17	20.73
-0.05	-0.97	0.25	267.08	14.33	63.05
-0.66	0.52	0.55	141.87	33.09	31.58
-0.07	0.77	0.64	95.24	39.47	67.96
-0.07	0.77	0.64	95.24	39.47	67.96
0.88	0.47	0.03	27.83	1.65	83.51
0.31	-0.39	0.87	308.83	60.10	75.71
-0.99	0.12	0.07	173.09	3.93	26.37
-0.49	-0.86	0.12	240.38	6.74	59.13
0.50	0.15	0.85	16.68	58.41	15.64
-0.01	1.00	0.07	90.43	3.88	67.33
0.96	-0.07	0.27	356.11	15.54	63.88
0.49	0.61	0.62	51.06	38.54	87.53
-0.35	-0.83	0.44	246.74	26.08	30.95
-1.00	-0.02	0.06	181.29	3.48	75.30
0.41	-0.67	0.62	301.30	38.07	38.67
0.56	-0.70	0.43	308.77	25.63	27.14
-0.91	-0.24	0.34	195.05	19.88	70.60
0.47	-0.74	0.48	302.27	28.74	47.42
-0.37	-0.64	0.68	240.04	42.80	86.91
0.03	-0.72	0.69	272.21	43.70	82.54
-0.91	0.23	0.35	165.74	20.55	59.57
-0.25	-0.96	0.13	255.27	7.19	58.18
0.59	0.65	0.48	47.39	28.75	76.86
-0.91	0.13	0.39	171.88	22.70	31.83
0.38	-0.47	0.80	308.84	53.04	78.39
0.20	-0.80	0.56	283.89	34.09	33.46
-0.13	-0.72	0.69	259.98	43.28	50.45
0.66	-0.69	0.29	313.64	17.07	25.21
-0.25	0.80	0.55	107.20	33.42	20.58
-0.52	-0.85	0.10	238.51	5.90	80.31
0.07	-0.84	0.54	275.10	32.97	30.60
0.32	-0.20	0.93	328.22	67.91	54.26
0.27	0.90	0.34	73.48	19.68	35.62
-0.28	-0.79	0.55	250.68	33.47	54.43
-0.10	-0.80	0.60	263.11	36.72	35.79
-0.95	-0.32	0.02	198.83	1.02	10.41
-0.38	0.77	0.51	116.34	30.80	41.12
-0.51	-0.80	0.32	237.62	18.67	20.28
0.76	-0.16	0.63	348.00	39.25	22.70
0.06	-0.96	0.26	273.79	14.86	24.18
0.06	-0.96	0.26	273.79	14.86	24.18
0.07	-0.91	0.40	274.30	23.88	70.54
0.94	0.34	0.01	20.06	0.78	62.26
0.94	0.34	0.01	20.06	0.78	62.26
0.25	-0.52	0.81	295.26	54.58	33.36
-0.89	-0.46	0.00	207.07	0.08	45.22
1.00	0.09	0.03	5.14	1.78	22.83
0.99	-0.11	0.03	353.97	1.74	12.98
0.98	0.03	0.20	1.74	11.66	23.20
0.64	0.61	0.47	43.55	27.91	49.63
0.98	0.05	0.18	2.74	10.16	8.08
0.89	0.39	0.23	23.84	13.26	37.02
0.22	0.83	0.51	75.31	30.55	16.18
0.13	-0.60	0.79	282.59	52.02	59.68
-0.33	-0.20	0.92	210.69	67.37	39.15
-0.09	-0.02	1.00	191.62	84.66	57.58
0.13	0.44	0.89	73.05	62.60	23.26
0.03	0.92	0.40	88.15	23.54	52.90
0.28	-0.54	0.79	297.21	52.64	33.25
-0.33	-0.04	0.94	187.51	70.32	66.67
-0.22	0.92	0.34	103.32	19.73	76.72
-0.97	-0.09	0.21	185.27	12.38	42.78
0.40	-0.84	0.37	295.52	21.55	71.06
-0.89	0.24	0.39	164.86	22.82	36.17
0.58	-0.44	0.69	322.97	43.37	10.92
0.69	0.08	0.72	6.99	45.96	33.20
0.39	0.92	0.02	67.04	1.04	24.95
0.39	0.92	0.02	67.04	1.04	24.95
0.73	0.68	0.03	42.96	1.88	15.00
1.00	-0.04	0.08	357.66	4.60	20.95
0.58	-0.38	0.72	326.39	46.29	62.34
0.96	0.28	0.01	16.13	0.38	33.23
0.80	0.38	0.45	25.45	27.05	88.95
0.80	0.38	0.45	25.45	27.05	88.95
0.79	0.48	0.39	31.28	22.91	76.04
0.15	0.09	0.98	31.42	79.56	85.79
0.26	-0.53	0.81	295.81	54.00	33.00
0.38	0.92	0.03	67.37	1.84	24.73
0.92	0.39	0.03	22.99	1.57	62.34
-0.86	-0.50	0.02	210.26	1.28	29.60
0.85	0.04	0.52	2.38	31.59	48.66
1.00	-0.03	0.05	358.35	3.01	39.26
-0.92	-0.11	0.37	186.76	22.00	74.40
0.87	-0.37	0.33	336.85	19.06	67.45
0.69	0.09	0.72	7.02	45.92	33.05
-0.08	-0.13	0.99	238.86	81.27	61.07
0.38	0.92	0.03	67.37	1.84	24.73
-0.92	0.02	0.39	178.80	23.24	69.73
0.97	0.22	0.08	12.77	4.58	14.49
-0.71	-0.68	0.17	223.90	10.06	16.49
0.77	0.53	0.36	34.42	20.81	87.83
0.48	-0.37	0.80	322.53	52.83	86.70
0.34	0.33	0.88	44.74	61.58	92.43
0.96	0.14	0.25	8.38	14.25	66.50
0.13	0.92	0.36	81.90	20.96	46.41
0.38	0.92	0.03	67.43	1.58	24.72
0.92	0.08	0.39	5.08	23.03	42.61
-0.03	0.05	1.00	123.76	86.60	69.15
-0.32	0.38	0.87	129.94	60.47	7.79
0.36	-0.71	0.60	296.71	37.17	47.94
0.38	0.92	0.03	67.44	1.48	24.76
0.45	0.52	0.73	49.41	46.70	58.14
0.45	0.52	0.73	49.41	46.70	58.14
0.45	0.52	0.73	49.41	46.70	58.14
0.45	0.52	0.73	49.41	46.70	58.14
0.46	-0.84	0.28	298.91	16.37	66.14
0.91	-0.34	0.22	339.62	12.78	12.28
-0.06	-0.66	0.75	265.16	48.47	54.48
-0.36	0.79	0.50	114.66	29.80	40.48
-0.98	0.14	0.16	171.79	9.19	76.34
-0.55	0.83	0.06	123.73	3.25	32.37
-0.19	0.96	0.22	101.18	12.65	30.15
0.47	0.81	0.35	59.62	20.62	17.34
-0.92	0.29	0.25	162.82	14.64	61.08
0.47	0.81	0.35	59.62	20.62	17.34
-0.83	0.51	0.24	148.21	13.83	43.02
-0.34	-0.90	0.28	249.54	16.48	24.41
0.16	0.97	0.17	80.50	9.68	38.66
0.16	0.97	0.17	80.50	9.68	38.66
0.94	0.33	0.04	19.41	2.54	22.89
-0.60	0.25	0.76	157.27	49.44	9.00
-0.55	0.00	0.84	179.48	56.96	62.63
-0.50	0.28	0.82	150.71	54.75	65.43
-0.74	0.30	0.60	158.15	37.09	48.94
-0.85	0.53	0.01	148.21	0.55	9.22
-0.80	0.52	0.30	146.82	17.18	34.11
0.40	-0.13	0.91	342.17	65.18	48.99
-0.65	0.28	0.71	156.59	44.88	42.00
0.45	0.69	0.56	56.72	34.32	65.39
0.91	0.21	0.35	12.92	20.41	30.43
0.24	-0.33	0.91	305.79	65.69	41.10
0.44	-0.36	0.83	320.87	55.63	37.74
0.42	0.65	0.63	56.75	39.23	13.83
-0.93	0.22	0.29	166.83	17.15	50.95
-0.95	0.08	0.30	175.14	17.29	15.26
0.37	0.56	0.74	56.68	47.52	21.06
-0.90	-0.26	0.34	195.89	19.91	26.11
0.35	-0.65	0.67	298.61	42.20	36.72
0.06	-0.96	0.26	273.48	15.01	38.68
0.97	-0.22	0.05	347.03	3.08	77.24
-1.00	0.04	0.05	177.45	2.88	50.54
-0.90	0.30	0.31	161.39	18.08	6.57
0.18	-0.66	0.73	285.38	46.48	35.23
-0.45	0.63	0.63	125.27	38.96	12.89
0.63	0.24	0.73	21.01	47.17	80.15
0.63	0.24	0.73	21.01	47.17	80.15
-0.96	-0.08	0.26	184.75	14.89	8.99
0.99	-0.08	0.10	355.39	5.89	45.42
-0.91	0.22	0.36	166.63	20.98	41.53
0.90	0.36	0.23	21.59	13.56	56.19
0.92	-0.12	0.38	352.78	22.37	69.40
0.92	-0.12	0.38	352.78	22.37	69.40
-0.77	0.18	0.61	166.54	37.47	14.54
-0.17	-0.59	0.79	253.81	52.26	40.35
0.98	0.07	0.20	4.35	11.73	32.23
0.93	0.17	0.31	10.30	18.22	34.47
-0.90	-0.33	0.30	200.13	17.42	6.61
-0.01	0.89	0.46	90.96	27.69	12.03
-0.49	0.26	0.83	152.10	56.01	66.75
-0.58	0.59	0.56	134.46	34.28	49.49
-0.77	0.64	0.01	139.94	0.84	85.90
-0.70	0.58	0.42	139.98	24.62	36.18
0.94	0.24	0.23	14.45	13.49	24.05
0.94	0.24	0.23	14.45	13.49	24.05
0.94	0.24	0.23	14.45	13.49	24.05
-0.99	-0.03	0.11	181.84	6.58	10.98
-0.66	0.59	0.47	138.22	28.20	16.59
-0.77	0.13	0.63	170.72	38.82	50.20
0.51	-0.76	0.41	303.75	24.02	25.65
0.31	0.78	0.54	68.29	32.50	9.62
0.12	-0.30	0.95	290.78	71.07	35.90
-0.80	0.04	0.60	177.37	37.20	53.73
-0.14	-0.31	0.94	245.00	69.95	34.06
0.08	0.94	0.33	85.28	19.00	76.71
-0.83	0.28	0.47	161.28	28.31	60.94
0.10	-0.94	0.34	275.93	19.82	29.05
0.10	-0.94	0.34	275.93	19.82	29.05
0.10	-0.94	0.34	275.93	19.82	29.05
0.82	-0.54	0.20	326.87	11.65	33.23
0.15	0.53	0.83	73.91	56.60	32.21
0.38	-0.39	0.84	314.79	57.05	58.90
0.72	0.68	0.10	43.34	5.91	47.65
0.72	0.68	0.10	43.34	5.91	47.65
-0.57	0.70	0.43	128.87	25.40	47.92
-0.23	0.79	0.56	106.16	34.33	70.89
0.29	0.91	0.30	72.15	17.25	66.42
-0.92	-0.17	0.35	190.19	20.20	4.74
0.53	-0.69	0.49	307.46	29.08	49.40
-0.90	-0.36	0.24	201.91	14.18	16.88
-0.83	0.14	0.55	170.26	33.12	15.38
-0.91	-0.32	0.26	199.22	15.18	21.53
0.92	0.32	0.23	19.16	13.18	69.09
-0.34	-0.37	0.86	227.92	59.68	49.64
-0.33	0.56	0.76	120.01	49.38	23.55
0.19	0.48	0.85	68.33	58.58	22.75
-0.48	0.87	0.11	118.70	6.37	19.97
0.16	-0.65	0.74	284.04	48.01	39.16
-0.86	-0.38	0.34	203.59	20.01	74.27
-0.43	-0.62	0.65	234.96	40.81	6.24
-0.98	-0.21	0.06	191.98	3.67	17.24
-0.29	-0.58	0.76	243.61	49.84	54.65
-0.69	0.72	0.05	133.98	2.78	51.81
0.01	-0.60	0.80	271.12	53.04	72.85
0.10	0.37	0.92	74.35	67.56	12.18
-0.42	0.73	0.53	119.89	32.28	55.99
-0.49	0.17	0.86	160.67	58.95	58.82
-0.89	-0.31	0.34	199.46	20.15	53.60
0.69	0.18	0.70	14.62	44.52	7.19
-0.56	-0.73	0.38	232.53	22.43	45.68
0.05	0.55	0.84	84.74	56.81	58.53
-0.58	0.81	0.10	125.43	5.90	13.69
0.72	-0.68	0.13	316.74	7.53	72.08
0.22	-0.49	0.84	294.23	57.48	47.25
-0.05	0.54	0.84	95.12	57.21	74.54
-0.05	0.54	0.84	95.12	57.21	74.54
-0.21	-0.90	0.38	257.13	22.28	47.51
0.12	0.24	0.96	63.47	74.66	47.39
0.29	-0.57	0.77	297.25	50.51	46.49
0.20	-0.69	0.69	286.47	43.95	45.10
-0.98	0.11	0.17	173.57	9.52	30.32
-0.98	0.11	0.17	173.57	9.52	30.32
-0.97	0.22	0.14	167.38	8.02	81.60
-0.01	0.99	0.10	90.36	5.88	68.02
-0.01	0.99	0.10	90.36	5.88	68.02
-0.07	0.26	0.96	104.77	74.15	61.47
0.14	-0.83	0.54	279.75	32.77	19.16
0.81	-0.45	0.39	331.02	22.77	89.88
-0.42	0.63	0.65	123.65	40.59	58.96
-0.53	-0.84	0.12	237.72	7.00	28.79
0.53	0.01	0.84	0.73	57.67	75.86
0.68	-0.70	0.24	314.12	13.81	73.92
-0.15	0.19	0.97	128.19	76.04	48.47
0.97	0.22	0.13	12.73	7.72	25.64
0.70	0.51	0.50	35.97	30.30	40.52
0.04	-0.24	0.97	279.72	75.91	63.35
0.93	0.25	0.26	14.85	15.36	31.68
-0.96	0.27	0.04	164.37	2.08	52.25
-0.69	0.52	0.51	143.15	30.79	31.52
-0.88	0.09	0.47	174.35	27.79	40.59
-0.13	-0.98	0.12	262.53	7.09	36.71
0.54	0.50	0.68	42.68	42.61	47.30
0.54	0.50	0.68	42.68	42.61	47.30
0.66	0.67	0.33	45.18	19.56	71.88
-0.15	0.87	0.46	99.65	27.69	50.88
-0.20	-0.30	0.93	236.13	68.46	9.75
0.89	-0.04	0.45	357.33	26.54	16.83
0.14	-0.83	0.54	279.75	32.77	19.16
-0.04	-0.71	0.70	266.75	44.44	92.21
0.76	0.53	0.37	35.09	21.90	45.54
0.65	-0.09	0.75	352.35	48.95	73.17
0.40	-0.89	0.22	294.45	12.86	59.77
0.21	-0.89	0.41	283.60	24.12	100.65
0.70	-0.66	0.28	316.60	16.34	77.96
-0.63	-0.47	0.62	216.95	38.13	52.48
-0.63	-0.47	0.62	216.95	38.13	52.48
-0.44	-0.89	0.16	243.73	9.03	45.01
0.61	-0.72	0.34	309.99	19.62	81.53
0.61	-0.72	0.34	309.99	19.62	81.53
-0.19	0.35	0.92	118.35	66.90	40.73
-0.58	-0.35	0.73	211.45	47.24	16.45
-0.34	-0.25	0.91	216.06	65.33	80.96
-0.78	0.61	0.14	141.93	8.02	62.86
0.13	0.47	0.87	74.78	60.98	69.80
0.13	0.47	0.87	74.78	60.98	69.80
0.25	0.67	0.70	69.16	44.56	70.12
-0.03	-0.84	0.54	267.70	32.50	17.53
-0.04	-0.64	0.76	266.34	49.81	89.44
-0.06	-0.97	0.25	266.73	14.60	53.02
-0.85	-0.08	0.52	185.30	31.48	54.87
-0.53	0.03	0.85	176.63	58.07	17.20
-0.06	0.57	0.82	95.79	54.81	83.77
-0.27	0.83	0.49	107.91	29.07	43.63
-0.51	0.49	0.71	136.06	44.97	45.79
-0.02	0.33	0.94	93.28	70.70	33.20
0.14	-0.83	0.54	279.75	32.77	19.16
0.90	-0.27	0.34	343.59	19.62	58.07
0.46	0.20	0.86	24.09	59.86	67.10
-0.84	-0.53	0.09	212.05	5.31	42.43
-0.06	-0.37	0.93	261.54	68.02	73.19
0.80	-0.59	0.10	323.89	5.65	64.32
0.73	0.08	0.68	6.44	42.81	61.64
0.51	0.70	0.50	53.86	29.98	22.52
0.79	-0.49	0.36	328.26	21.29	77.53
0.09	0.97	0.21	84.93	12.33	40.98
-0.05	-0.83	0.56	266.78	33.95	60.64
-0.26	-0.78	0.58	251.83	35.10	53.65
0.35	0.34	0.87	43.91	60.78	42.61
0.35	0.34	0.87	43.91	60.78	42.61
0.35	-0.86	0.38	291.96	22.23	35.94
0.17	-0.87	0.47	281.23	28.11	65.20
0.05	-0.99	0.15	272.74	8.75	45.81
0.20	-0.87	0.45	283.08	26.98	22.16
0.14	0.08	0.99	30.18	80.44	51.30
0.14	0.08	0.99	30.18	80.44	51.30
0.14	0.08	0.99	30.18	80.44	51.30
-0.51	-0.63	0.59	230.72	36.09	95.68
-0.50	0.22	0.84	156.68	57.07	76.13
-0.53	-0.17	0.83	198.23	56.28	66.87
0.40	0.65	0.65	58.38	40.18	67.71
0.79	0.18	0.59	12.61	36.21	41.55
-0.50	0.19	0.85	158.91	57.87	80.01
0.99	0.02	0.16	0.97	9.39	41.14
0.99	0.02	0.16	0.97	9.39	41.14
-0.56	-0.04	0.83	183.89	55.82	86.09
-0.56	-0.75	0.35	233.37	20.72	49.58
-0.84	0.24	0.49	163.82	29.26	13.12
-0.13	-0.79	0.60	260.75	37.06	79.57
-0.15	-0.90	0.42	260.62	24.72	71.24
0.96	-0.14	0.24	351.77	13.90	14.96
-0.38	0.42	0.82	132.41	55.27	56.84
0.14	0.47	0.87	73.80	60.72	70.44
1.00	-0.03	0.01	358.11	0.84	64.88
0.66	0.75	0.07	48.48	4.23	94.50
0.49	-0.72	0.49	304.03	29.51	45.14
-0.41	-0.78	0.47	242.49	28.17	58.53
-0.70	0.68	0.23	135.84	13.05	79.70
0.88	0.47	0.08	27.84	4.82	36.86
-0.41	-0.56	0.72	233.69	46.35	58.80
0.76	-0.27	0.60	340.57	36.54	31.40
-0.48	0.48	0.74	135.15	47.45	56.47
0.30	-0.71	0.64	292.93	39.58	7.60
0.07	0.79	0.60	84.84	37.22	69.06
-0.53	0.58	0.62	132.52	38.44	57.58
-0.25	0.84	0.49	106.53	29.22	93.71
0.39	-0.79	0.46	296.32	27.66	61.48
0.56	-0.79	0.25	305.35	14.30	49.16
-0.84	0.18	0.51	168.10	30.65	24.27
-0.97	-0.17	0.17	189.79	9.57	56.79
-0.62	0.75	0.25	129.70	14.25	82.44
-0.62	0.75	0.25	129.70	14.25	82.44
0.56	-0.50	0.66	318.10	41.65	70.67
-0.63	-0.19	0.75	196.93	48.43	14.39
-0.46	-0.81	0.36	240.19	20.88	59.89
-0.46	-0.81	0.36	240.19	20.88	59.89
0.25	-0.94	0.21	284.95	12.15	31.72
-0.43	0.71	0.56	121.32	34.28	72.49
-0.17	0.47	0.87	109.98	60.06	37.39
-0.17	-0.97	0.17	260.29	9.80	20.69
-0.13	0.98	0.16	97.77	8.98	48.81
-0.94	0.33	0.04	161.00	2.09	56.58
-0.89	0.39	0.22	156.15	12.99	80.47
-0.24	-0.47	0.85	243.09	58.06	11.49
0.94	-0.20	0.28	348.19	16.05	28.12
-0.57	-0.60	0.57	226.63	34.60	11.55
0.61	-0.78	0.13	308.32	7.38	16.85
-0.39	-0.82	0.42	244.62	24.99	47.45
-0.56	0.83	0.07	124.00	4.06	36.70
-0.99	0.11	0.02	173.40	0.91	70.34
-0.39	-0.91	0.17	246.73	9.77	23.70
-0.53	0.20	0.82	159.69	55.42	57.06
0.66	0.63	0.40	43.67	23.41	62.05
0.66	0.63	0.40	43.67	23.41	62.05
-0.76	0.55	0.34	144.22	19.73	61.04
-0.90	0.37	0.23	157.62	13.34	83.65
-0.61	0.29	0.74	154.51	47.83	58.67
0.84	-0.52	0.18	328.44	10.24	58.15
0.69	0.16	0.70	12.83	44.69	49.01
0.95	0.29	0.13	17.22	7.70	22.34
-0.01	-0.70	0.72	269.09	45.72	39.52
-0.75	-0.65	0.07	220.89	4.12	15.50
0.57	0.15	0.81	14.88	54.07	60.19
0.57	0.15	0.81	14.88	54.07	60.19
0.83	-0.05	0.55	356.39	33.69	67.32
0.83	-0.05	0.55	356.39	33.69	67.32
-0.86	-0.05	0.50	183.34	30.29	26.36
0.57	0.15	0.81	14.88	54.07	60.19
0.37	0.51	0.78	53.96	51.17	60.59
0.95	-0.17	0.27	349.62	15.82	57.58
0.80	0.13	0.59	9.46	36.15	34.38
0.20	-0.22	0.95	311.83	72.70	56.19
-0.82	-0.01	0.57	180.56	34.86	12.75
-0.58	-0.22	0.79	200.44	51.90	22.25
-0.05	0.65	0.76	94.41	49.42	68.68
-0.43	0.87	0.26	116.47	14.89	57.49
-0.45	-0.77	0.46	239.62	27.23	23.15
0.88	-0.48	0.01	331.11	0.58	22.28
-0.65	0.76	0.07	130.31	4.27	15.45
-0.38	0.86	0.35	113.68	20.56	42.96
0.71	-0.22	0.67	343.10	42.24	34.92
0.27	0.80	0.53	71.69	32.22	46.33
0.92	-0.26	0.30	344.29	17.31	65.06
0.77	-0.48	0.42	327.79	25.12	55.41
-0.62	0.15	0.77	166.53	50.63	64.98
-0.95	0.17	0.25	169.88	14.46	10.18
-1.00	0.00	0.07	179.80	3.95	87.83
0.89	-0.10	0.45	353.54	27.01	50.60
0.78	0.58	0.24	36.98	13.74	54.14
-0.99	-0.09	0.11	185.27	6.18	62.52
-0.99	0.11	0.03	173.68	1.88	70.11
-0.43	-0.77	0.47	241.04	28.21	24.13
0.77	0.59	0.23	37.50	13.41	54.08
0.77	0.59	0.23	37.27	13.50	54.26
