7.356767511013215426e+02 8.595461894273126973e+02
4.588554845814977625e+02 6.451982048458148711e+02
9.575646145374448679e+02 5.730307929515417982e+02
9.995725110132157170e+02 5.730307929515417982e+02
7.647591409691629849e+01 5.461026541850219473e+02
1.002803887665198090e+03 5.213287665198237164e+02
1.949597246696035029e+02 4.933235022026431125e+02
1.367949449339207035e+02 4.383900991189427145e+02
5.062490088105726471e+01 4.222332158590307927e+02
1.276393777533039611e+03 4.136162114537444268e+02
9.543332378854624949e+02 3.985364537444933717e+02
4.836293722466959935e+02 3.015951541850220110e+02
1.261314019823788385e+03 2.735898898678414071e+02
4.179247136563876097e+02 2.660500110132158511e+02
1.045888909691629806e+03 2.358904955947136273e+02
5.051718832599118514e+02 2.100394823788546148e+02
6.570465859030836953e+01 2.068081057268722134e+02
4.340815969162995316e+02 2.035767290748898404e+02
6.074988105726871481e+02 1.497204515418501956e+02
1.306553292951541835e+03 9.370992290748897346e+01
2.057309801762114319e+02 1.012498017621145294e+02
