2.400000000000000000e+02
2.730000000000000000e+02
2.930000000000000000e+02
1.464000000000000000e+03
1.495000000000000000e+03
1.502000000000000000e+03
1.544000000000000000e+03
1.545000000000000000e+03
1.646000000000000000e+03
1.656000000000000000e+03
2.336000000000000000e+03
2.361000000000000000e+03
2.363000000000000000e+03
2.367000000000000000e+03
2.368000000000000000e+03
2.429000000000000000e+03
2.440000000000000000e+03
2.444000000000000000e+03
2.581000000000000000e+03
2.685000000000000000e+03
2.813000000000000000e+03
2.818000000000000000e+03
2.819000000000000000e+03
